"TIMESTAMP","RECORD","DataloggerSerialNumber","LoggerBatt_Min","LoggerTemp_Max","WSpeed_Max","WSpeed_S_WVT","WindDir_D1_WVT","AirTemp_Avg","DewPointTemp_Avg","RH","AirTemp_Max","AirTemp_Min","DewPointTemp_Max","DewPointTemp_Min","RH_Max","RH_Min","Rain_mm_Tot","CMP6_SlrW_Avg","CMP6_SlrMJ_Tot","CMP6_SlrW_Max","BP_hPa_Avg","BP_hPa_Max","BP_hPa_Min","ETos","Rso","year","month","day","hour","min"
"2021-06-28 17:00:00",0.0,"4720",13.21,39.52,3.68,1.122,70.4,299.07,281.27,35.06,27.12,6.219,9.22,-11.58,35.1,26.62,0.0,80.24097,0.2142431,160.4,92950.91,929.8154,502.7172,0.066,0.316,2021,6,28,17,0
"2021-06-28 18:00:00",1.0,"4720",12.8,34.36,1.65,0.528,12.2,294.56,280.979,46.71,24.06,19.71,8.21,7.432,46.84,34.86,0.0,1.489619,0.00536263,10.79,92975.42,929.8269,929.7029,0.025,0.01,2021,6,28,18,0
"2021-06-28 19:00:00",2.0,"4720",12.76,26.43,1.05,0.584,354.6,292.2,281.5,51.07,19.88,18.4,8.89,7.93,52.48,46.58,0.0,0.0,0.0,0.0,93002.56000000001,930.3073,929.7816,0.022,0.0,2021,6,28,19,0
"2021-06-28 20:00:00",3.0,"4720",12.73,23.5,2.24,0.596,325.0,291.12,282.03999999999996,60.28,19.35,17.09,9.7,8.53,60.88,50.61,0.0,0.0,0.0,0.0,93059.07999999999,930.8271,930.24,0.019,0.0,2021,6,28,20,0
"2021-06-28 21:00:00",4.0,"4720",12.69,21.82,1.74,0.756,339.7,290.56,283.28,61.04,18.24,16.96,10.67,9.42,63.96,60.06,0.0,0.0,0.0,0.0,93092.67,931.0273,930.7838,0.02,0.0,2021,6,28,21,0
"2021-06-28 22:00:00",5.0,"4720",12.67,21.43,1.81,0.66,321.9,290.9,283.51,63.32,18.44,17.22,10.7,10.15,63.45,60.19,0.0,0.0,0.0,0.0,93099.55,931.0647,930.8975,0.018,0.0,2021,6,28,22,0
"2021-06-28 23:00:00",6.0,"4720",12.64,20.52,1.63,0.629,327.3,290.15,283.4,64.23,17.75,16.43,10.67,9.9,66.27,62.86,0.0,0.0,0.0,0.0,93092.31999999999,931.0108,930.8153,0.016,0.0,2021,6,28,23,0
"2021-06-29 00:00:00",7.0,"4720",12.62,20.13,2.65,0.862,286.2,289.9,283.51,66.13,17.5,15.91,10.81,9.84,68.62,63.71,0.0,0.0,0.0,0.0,93080.78,930.915,930.7808,0.019,0.0,2021,6,29,0,0
"2021-06-29 01:00:00",8.0,"4720",12.6,19.92,3.34,1.338,300.1,289.62,283.59,69.64,17.29,15.71,10.8,10.16,69.64,65.08,0.0,0.0,0.0,0.0,93080.64,930.9332,930.6383,0.025,0.0,2021,6,29,1,0
"2021-06-29 02:00:00",9.0,"4720",12.57,19.38,2.95,0.866,304.5,287.94,283.15,74.33,15.98,13.88,10.58,9.38,76.4,69.64,0.0,0.0,0.0,0.0,93053.02,930.7073,930.3577,0.014,0.0,2021,6,29,2,0
"2021-06-29 03:00:00",10.0,"4720",12.55,18.87,2.85,1.158,296.3,288.57,283.44,71.14,16.02,14.4,10.7,9.91,74.9,69.44,0.0,0.0,0.0,0.0,93031.16,930.436,930.2518,0.019,0.0,2021,6,29,3,0
"2021-06-29 04:00:00",11.0,"4720",12.52,18.94,2.74,1.059,306.6,288.81,283.79999999999995,72.24,16.01,15.38,10.87,10.49,73.2,71.14,0.0,0.0,0.0,0.0,93041.97,930.5481,930.3165,0.018,0.0,2021,6,29,4,0
"2021-06-29 05:00:00",12.0,"4720",12.48,18.9,2.43,1.042,301.7,288.67999999999995,283.60999999999996,73.35,16.01,14.99,10.85,10.23,73.49,70.42,0.0,0.0,0.0,0.0,93068.12,930.8832,930.5178,0.018,0.0,2021,6,29,5,0
"2021-06-29 06:00:00",13.0,"4720",12.44,18.55,1.74,0.492,332.8,287.87,283.60999999999996,76.35,15.16,14.46,10.89,10.15,77.02,73.35,0.0,0.0,0.0,0.0,93111.54000000001,931.4238,930.8478,0.008,0.0,2021,6,29,6,0
"2021-06-29 07:00:00",14.0,"4720",12.42,18.22,1.34,0.433,349.6,288.46999999999997,284.16999999999996,71.21,17.1,14.66,11.9,10.57,77.38,71.21,0.0,"NAN","NAN","NAN",93162.68,931.9146,931.3926,-0.018,0.151,2021,6,29,7,0
"2021-06-29 08:00:00",15.0,"4720",12.48,28.58,3.19,0.795,1.679,293.17999999999995,285.57,56.5,21.86,17.02,13.07,11.73,71.31,55.59,0.0,269.9851,0.9719465,379.8,93233.64,932.7438,931.8965,0.144,0.853,2021,6,29,8,0
"2021-06-29 09:00:00",16.0,"4720",13.25,33.78,3.82,1.312,36.08,295.78999999999996,285.60999999999996,49.14,23.89,21.56,13.01,11.97,56.7,48.03,0.0,480.1178,1.728424,567.4,93288.95,933.0417,932.6843,0.316,1.581,2021,6,29,9,0
"2021-06-29 10:00:00",17.0,"4720",13.43,37.16,4.36,1.507,48.36,297.67999999999995,284.84999999999997,41.65,25.59,23.66,12.98,10.99,50.07,40.8,0.0,637.3014,2.294288,692.6,93300.57,933.117,932.8832,0.447,2.185,2021,6,29,10,0
"2021-06-29 11:00:00",18.0,"4720",13.99,37.39,5.22,1.94,58.3,298.34,284.89,41.0,25.81,24.71,12.6,10.53,45.37,39.17,0.0,733.183,2.639457,776.5,93263.8,932.9933,932.1753,0.531,2.588,2021,6,29,11,0
"2021-06-29 12:00:00",19.0,"4720",14.15,38.49,5.35,1.343,52.98,299.13,283.13,33.83,27.26,25.1,11.68,8.99,41.14,33.77,0.0,775.2858,2.791019,782.9,93170.98,932.205,931.2739,0.557,2.777,2021,6,29,12,0
"2021-06-29 13:00:00",20.0,"4720",14.11,40.83,4.21,1.244,50.15,300.22999999999996,282.59,32.47,27.83,26.61,10.45,8.55,34.93,30.64,0.0,756.7937,2.724458,780.2,93087.71,931.3171,930.4512,0.553,2.708,2021,6,29,13,0
"2021-06-29 14:00:00",21.0,"4720",14.08,42.28,4.79,1.325,87.2,300.67999999999995,282.48999999999995,32.77,28.4,27.07,10.29,8.23,34.23,29.14,0.0,669.5044,2.410217,722.6,93019.79,930.4825,929.9133,0.494,2.392,2021,6,29,14,0
"2021-06-29 15:00:00",22.0,"4720",14.14,42.31,4.66,1.533,50.67,300.65,282.52,32.07,27.99,27.0,10.14,8.62,33.82,30.84,0.0,519.8055,1.871302,604.2,92985.06999999999,930.0142,929.7003,0.393,1.862,2021,6,29,15,0
"2021-06-29 16:00:00",23.0,"4720",14.08,41.49,4.17,1.194,64.29,300.85999999999996,282.73999999999995,32.34,28.15,27.27,10.46,8.81,33.49,30.84,0.0,322.3405,1.160428,427.2,92976.61,929.8735,929.7302,0.233,1.168,2021,6,29,16,0
"2021-06-29 17:00:00",24.0,"4720",13.45,40.41,3.9,1.255,64.07,299.25,282.03,36.36,27.62,24.05,9.83,8.16,36.51,32.14,0.0,109.9139,0.3956882,216.5,93001.51,930.3013,929.7914,0.078,0.411,2021,6,29,17,0
"2021-06-29 18:00:00",25.0,"4720",12.81,34.41,2.3,0.583,39.09,294.98999999999995,281.42999999999995,47.23,24.17,19.91,8.59,8.1,47.36,36.3,0.0,1.920046,0.006912155,13.22,93040.19,930.5797,930.2766,-0.011,0.011,2021,6,29,18,0
"2021-06-29 19:00:00",26.0,"4720",12.77,27.03,1.76,0.661,347.6,292.73999999999995,281.53999999999996,48.53,20.02,19.25,8.63,8.25,49.19,47.23,0.0,0.0,0.0,0.0,93074.58,930.9825,930.5433,-0.01,0.0,2021,6,29,19,0
"2021-06-29 20:00:00",27.0,"4720",12.74,24.25,1.43,0.639,337.6,292.2,281.52,51.39,19.55,18.59,8.72,8.25,51.53,48.46,0.0,0.0,0.0,0.0,93107.51000000001,931.2983,930.9493,-0.011,0.0,2021,6,29,20,0
"2021-06-29 21:00:00",28.0,"4720",12.7,22.57,1.61,0.547,309.9,291.03999999999996,281.81,53.55,18.83,17.35,9.02,8.4,57.12,51.2,0.0,0.0,0.0,0.0,93142.21,931.5232,931.2657,-0.016,0.0,2021,6,29,21,0
"2021-06-29 22:00:00",29.0,"4720",12.67,21.22,2.02,0.953,321.2,291.07,281.59,54.39,18.42,17.48,8.73,8.29,55.0,52.63,0.0,0.0,0.0,0.0,93154.94,931.6506,931.4807,-0.002,0.0,2021,6,29,22,0
"2021-06-29 23:00:00",30.0,"4720",12.65,21.03,1.8,0.535,309.7,289.10999999999996,281.47999999999996,61.42,17.93,14.66,8.74,7.901,65.16,54.32,0.0,0.0,0.0,0.0,93156.84,931.6813,931.4887,-0.017,0.0,2021,6,29,23,0
"2021-06-30 00:00:00",31.0,"4720",12.62,19.14,2.13,0.766,329.8,289.08,281.62,61.41,16.33,15.71,8.69,8.37,61.84,60.18,0.0,0.0,0.0,0.0,93134.93999999999,931.5318,931.1366,-0.01,0.0,2021,6,30,0,0
"2021-06-30 01:00:00",32.0,"4720",12.59,19.15,2.23,1.001,296.5,289.2,281.57,58.62,16.73,15.12,8.69,8.08,63.43,58.49,0.0,0.0,0.0,0.0,93119.34999999999,931.2908,931.0248,-0.004,0.0,2021,6,30,1,0
"2021-06-30 02:00:00",33.0,"4720",12.58,19.64,2.63,1.226,298.1,289.87,281.48999999999995,57.32,16.98,16.43,8.56,8.25,58.84,56.99,0.0,0.0,0.0,0.0,93081.09,931.0573,930.5175,0.003,0.0,2021,6,30,2,0
"2021-06-30 03:00:00",34.0,"4720",12.57,19.61,3.0,1.143,301.6,288.96999999999997,281.33,61.43,16.89,15.38,8.48,8.01,62.19,57.19,0.0,0.0,0.0,0.0,93051.17,930.5995,930.4518,0.0,0.0,2021,6,30,3,0
"2021-06-30 04:00:00",35.0,"4720",12.52,18.93,2.44,1.01,316.0,289.06,281.28,59.67,16.23,15.51,8.33,8.05,61.55,59.08,0.0,0.0,0.0,0.0,93061.95999999999,930.6956,930.4915,-0.003,0.0,2021,6,30,4,0
"2021-06-30 05:00:00",36.0,"4720",12.49,18.86,2.39,0.879,320.7,288.69,281.22999999999996,61.68,16.03,15.18,8.28,7.937,62.38,59.53,0.0,0.0,0.0,0.0,93078.78,931.0272,930.6257,-0.007,0.0,2021,6,30,5,0
"2021-06-30 06:00:00",37.0,"4720",12.44,18.26,2.1,0.895,322.4,288.13,281.16999999999996,61.75,15.48,14.33,8.23,7.852,65.56,61.62,0.0,0.0,0.0,0.0,93114.4,931.3746,930.9969,-0.008,0.0,2021,6,30,6,0
"2021-06-30 07:00:00",38.0,"4720",12.43,18.7,2.14,0.908,319.4,288.71999999999997,281.35999999999996,58.89,16.96,15.12,8.93,7.954,62.86,58.88,0.0,"NAN","NAN","NAN",93159.86,931.971,931.3445,-0.003,0.151,2021,6,30,7,0
"2021-06-30 08:00:00",39.0,"4720",12.48,28.44,1.79,0.803,300.2,292.44,282.52,44.9,22.13,16.82,10.32,8.69,59.06,44.9,0.0,266.6739,0.9600264,377.3,93223.96,932.5913,931.9406,0.141,0.863,2021,6,30,8,0
"2021-06-30 09:00:00",40.0,"4720",13.24,34.94,3.01,1.044,39.55,296.76,282.81,37.99,24.75,21.96,10.36,8.88,45.6,37.15,0.0,481.5947,1.733743,571.5,93271.56999999999,932.8976,932.5607,0.319,1.598,2021,6,30,9,0
"2021-06-30 10:00:00",41.0,"4720",13.42,37.18,4.58,1.428,26.92,297.87,281.63,35.2,25.29,24.3,9.98,7.448,39.35,33.5,0.0,640.4329,2.30556,696.7,93278.61,932.9188,932.6567,0.453,2.21,2021,6,30,10,0
"2021-06-30 11:00:00",42.0,"4720",13.99,38.78,4.83,1.354,44.48,299.06,281.65999999999997,32.53,26.62,25.16,9.28,7.665,35.63,31.09,0.0,739.376,2.661757,767.7,93239.03,932.6937,932.0905,0.532,2.618,2021,6,30,11,0
"2021-06-30 12:00:00",43.0,"4720",14.12,38.79,5.56,1.394,57.33,299.96999999999997,281.97999999999996,31.75,27.42,25.76,9.8,7.944,33.82,30.7,0.0,774.6456,2.788721,783.7,93172.18000000001,932.1251,931.3871,0.568,2.79,2021,6,30,12,0
"2021-06-30 13:00:00",44.0,"4720",14.13,40.92,4.84,1.348,36.99,300.65999999999997,281.47999999999996,28.32,28.11,27.0,9.3,7.117,32.14,27.97,0.0,753.5689,2.71285,775.6,93089.62,931.4081,930.4746,0.559,2.721,2021,6,30,13,0
"2021-06-30 14:00:00",45.0,"4720",14.11,42.19,4.07,1.279,44.97,301.21,281.27,28.23,28.86,27.4,9.1,7.081,30.26,26.34,0.0,660.5129,2.377849,728.4,93018.12999999999,930.4978,929.8254,0.492,2.406,2021,6,30,14,0
"2021-06-30 15:00:00",46.0,"4720",14.12,42.97,3.51,1.172,79.93,301.64,281.28999999999996,28.69,28.89,28.05,9.13,7.302,29.4,26.41,0.0,511.3786,1.840964,591.5,92977.73,929.8922,929.7177,0.379,1.874,2021,6,30,15,0
"2021-06-30 16:00:00",47.0,"4720",14.06,42.86,3.87,1.104,98.4,301.45,281.60999999999996,29.01,29.0,27.86,9.25,7.871,30.05,27.39,0.0,317.3375,1.142416,420.1,92976.8,929.9295,929.7119,0.23,1.178,2021,6,30,16,0
"2021-06-30 17:00:00",48.0,"4720",13.4,40.88,2.82,0.983,69.99,299.96999999999997,281.63,35.85,28.17,24.5,9.0,8.13,35.96,28.62,0.0,"NAN","NAN","NAN",92994.78,930.064,929.883,0.066,0.415,2021,6,30,17,0
"2021-06-30 18:00:00",49.0,"4720",12.8,35.08,2.02,0.498,8.61,294.91999999999996,281.42999999999995,46.19,24.64,19.91,8.63,8.02,46.48,35.84,0.0,1.984755,0.007145107,13.66,93016.95999999999,930.3536,930.0057,-0.014,0.011,2021,6,30,18,0
"2021-06-30 19:00:00",50.0,"4720",12.77,26.81,1.78,0.529,321.8,292.44,280.722,47.35,20.02,18.92,8.21,7.161,48.01,45.92,0.0,0.0,0.0,0.0,93044.44,930.7441,930.3057,-0.014,0.0,2021,6,30,19,0
"2021-06-30 20:00:00",51.0,"4720",12.73,23.63,2.43,0.616,293.8,291.76,280.81899999999996,49.31,19.3,18.2,8.08,7.346,50.2,46.83,0.0,0.0,0.0,0.0,93094.4,931.1668,930.7142,-0.011,0.0,2021,6,30,20,0
"2021-06-30 21:00:00",52.0,"4720",12.7,22.27,1.05,0.423,316.3,290.62,280.90999999999997,58.76,18.43,15.78,8.33,7.383,58.92,49.24,0.0,0.0,0.0,0.0,93128.36,931.4399,931.137,-0.019,0.0,2021,6,30,21,0
"2021-06-30 22:00:00",53.0,"4720",12.66,20.69,2.84,1.247,305.4,290.09999999999997,281.28,56.65,17.46,15.71,8.76,7.643,60.04,54.91,0.0,0.0,0.0,0.0,93135.03,931.4528,931.2257,0.006,0.0,2021,6,30,22,0
"2021-06-30 23:00:00",54.0,"4720",12.64,20.97,3.02,1.458,297.3,290.71999999999997,282.13,57.78,17.85,17.28,9.35,8.58,57.86,56.35,0.0,0.0,0.0,0.0,93111.73,931.2992,931.0247,0.01,0.0,2021,6,30,23,0
"2021-07-01 00:00:00",55.0,"4720",12.61,20.94,3.44,1.465,298.0,290.28,282.28,60.3,17.79,16.69,9.6,8.78,60.46,57.52,0.0,0.0,0.0,0.0,93095.29,931.0943,930.812,0.009,0.0,2021,7,1,0,0
"2021-07-01 01:00:00",56.0,"4720",12.6,20.35,1.59,0.619,307.6,289.16999999999996,282.26,64.31,17.39,14.86,9.59,8.61,66.56,59.99,0.0,0.0,0.0,0.0,93057.6,930.8438,930.3312,-0.014,0.0,2021,7,1,1,0
"2021-07-01 02:00:00",57.0,"4720",12.57,18.66,2.08,0.78,306.7,288.76,281.72999999999996,64.54,16.51,14.86,8.89,8.32,65.45,60.38,0.0,0.0,0.0,0.0,93012.58,930.3677,929.9316,-0.01,0.0,2021,7,1,2,0
"2021-07-01 03:00:00",58.0,"4720",12.53,18.04,1.31,0.475,323.6,288.40999999999997,281.15,62.14,15.59,14.98,8.59,7.697,64.79,60.25,0.0,0.0,0.0,0.0,92992.58,929.998,929.818,-0.018,0.0,2021,7,1,3,0
"2021-07-01 04:00:00",59.0,"4720",12.51,17.35,2.6,0.904,315.5,287.94,281.022,64.35,15.26,14.4,8.17,7.686,64.69,61.87,0.0,0.0,0.0,0.0,93011.0,930.3057,929.9388,-0.007,0.0,2021,7,1,4,0
"2021-07-01 05:00:00",60.0,"4720",12.46,17.4,2.07,1.086,323.3,287.34999999999997,281.08599999999996,66.25,14.63,13.87,8.27,7.64,67.08,64.35,0.0,0.0,0.0,0.0,93050.65,930.8506,930.2733,-0.004,0.0,2021,7,1,5,0
"2021-07-01 06:00:00",61.0,"4720",12.42,17.3,1.93,0.993,321.9,287.78999999999996,281.46999999999997,65.72,15.12,14.2,8.72,7.995,66.75,65.07,0.0,0.0,0.0,0.0,93109.17,931.3234,930.8103,-0.006,0.0,2021,7,1,6,0
"2021-07-01 07:00:00",62.0,"4720",12.42,17.77,2.25,0.995,318.1,288.02,281.82,63.58,16.03,14.59,9.2,8.49,67.47,63.58,0.0,36.19218,0.130292,149.9,93155.24,931.8243,931.293,-0.002,0.151,2021,7,1,7,0
"2021-07-01 08:00:00",63.0,"4720",12.48,27.66,1.71,0.607,319.0,291.64,283.12,47.7,21.77,15.91,11.0,8.98,63.71,47.7,0.0,255.4548,0.9196377,361.2,93232.04,932.8224,931.7991,0.125,0.86,2021,7,1,8,0
"2021-07-01 09:00:00",64.0,"4720",13.24,34.29,2.57,0.831,92.1,295.95,283.42999999999995,42.12,24.02,21.62,10.84,9.62,48.95,41.77,0.0,465.8747,1.67715,557.2,93302.45,933.1738,932.7961,0.295,1.594,2021,7,1,9,0
"2021-07-01 10:00:00",65.0,"4720",13.44,37.45,3.65,1.174,55.41,297.59999999999997,282.78999999999996,33.11,25.9,23.46,10.71,8.08,44.06,32.78,0.0,626.5217,2.255479,686.3,93301.41,933.1255,932.8378,0.433,2.202,2021,7,1,10,0
"2021-07-01 11:00:00",66.0,"4720",13.98,38.8,4.81,1.282,47.27,298.91999999999996,280.693,30.11,27.02,25.17,8.65,6.299,33.62,27.7,0.0,728.3121,2.621926,754.7,93261.51,932.896,932.2522,0.522,2.628,2021,7,1,11,0
"2021-07-01 12:00:00",67.0,"4720",14.11,39.11,4.45,1.35,52.85,299.79999999999995,280.772,28.49,27.41,25.82,8.57,6.827,32.2,28.29,0.0,767.3205,2.762359,778.7,93184.92,932.2897,931.3662,0.562,2.804,2021,7,1,12,0
"2021-07-01 13:00:00",68.0,"4720",14.11,41.21,3.78,1.266,346.4,300.89,280.46,26.41,29.02,27.07,8.48,6.529,29.86,25.82,0.0,749.4777,2.698116,769.1,93094.84999999999,931.3937,930.4634,0.555,2.733,2021,7,1,13,0
"2021-07-01 14:00:00",69.0,"4720",14.09,42.75,3.59,1.229,132.6,301.73999999999995,280.366,25.69,29.34,27.99,8.36,6.622,27.63,24.84,0.0,653.4805,2.352532,718.3,93022.69,930.5435,930.0892,0.491,2.417,2021,7,1,14,0
"2021-07-01 15:00:00",70.0,"4720",14.11,42.99,3.9,1.151,100.3,301.77,281.59,27.33,29.48,27.86,9.84,6.864,30.44,25.43,0.0,500.0721,1.800259,588.0,92999.29,930.1467,929.8481,0.373,1.877,2021,7,1,15,0
"2021-07-01 16:00:00",71.0,"4720",14.03,43.15,3.51,1.049,123.6,301.96,281.22999999999996,26.6,29.57,28.19,8.96,7.326,28.5,26.02,0.0,309.772,1.115179,409.9,92998.25,930.1096,929.8553,0.226,1.184,2021,7,1,16,0
"2021-07-01 17:00:00",72.0,"4720",13.4,41.51,2.21,0.908,158.5,300.64,281.21,33.36,29.3,24.7,8.87,7.455,33.52,26.08,0.0,104.6959,0.376905,203.2,93025.08,930.4473,930.0624,0.064,0.419,2021,7,1,17,0
"2021-07-01 18:00:00",73.0,"4720",12.79,35.76,1.51,0.348,179.6,295.14,280.82399999999996,43.91,24.82,19.84,8.35,7.108,44.01,33.3,0.0,1.949281,0.007017403,13.99,93049.84,930.6953,930.3623,-0.021,0.011,2021,7,1,18,0
"2021-07-01 19:00:00",74.0,"4720",12.78,26.81,1.52,0.69,7.832,292.4,280.522,45.87,19.98,18.6,7.908,6.961,49.06,43.9,0.0,0.0,0.0,0.0,93092.81,931.2836,930.666,-0.006,0.0,2021,7,1,19,0
"2021-07-01 20:00:00",75.0,"4720",12.73,23.56,1.54,0.596,359.6,291.58,280.025,45.81,19.18,18.07,7.616,5.944,49.22,44.55,0.0,0.0,0.0,0.0,93152.84,931.8439,931.2408,-0.01,0.0,2021,7,1,20,0
"2021-07-01 21:00:00",76.0,"4720",12.7,21.76,1.15,0.553,356.6,290.96,279.34299999999996,50.15,18.46,17.22,6.916,5.612,50.26,43.76,0.0,0.0,0.0,0.0,93200.09,932.1904,931.7883,-0.012,0.0,2021,7,1,21,0
"2021-07-01 22:00:00",77.0,"4720",12.66,20.58,2.52,0.845,317.0,290.82,279.558,46.89,18.24,17.15,7.139,5.884,50.71,45.79,0.0,0.0,0.0,0.0,93217.93000000001,932.2466,932.0984,-0.001,0.0,2021,7,1,22,0
"2021-07-01 23:00:00",78.0,"4720",12.63,20.52,3.44,1.288,302.3,289.92999999999995,279.13,48.73,17.56,15.97,6.268,5.867,51.37,46.83,0.0,0.0,0.0,0.0,93206.4,932.2444,931.8361,0.011,0.0,2021,7,1,23,0
"2021-07-02 00:00:00",79.0,"4720",12.61,20.21,2.3,0.921,299.9,289.39,279.17999999999995,56.27,17.46,14.34,6.319,5.822,56.77,47.48,0.0,0.0,0.0,0.0,93166.6,931.8566,931.4647,0.0,0.0,2021,7,2,0,0
"2021-07-02 01:00:00",80.0,"4720",12.6,18.76,2.48,0.851,316.1,288.03999999999996,279.342,59.71,15.74,14.33,6.812,5.87,59.71,53.14,0.0,0.0,0.0,0.0,93109.19,931.4977,930.838,-0.005,0.0,2021,7,2,1,0
"2021-07-02 02:00:00",81.0,"4720",12.57,17.71,2.97,0.872,292.1,288.03,280.03299999999996,56.01,16.27,13.74,7.326,6.404,62.27,54.84,0.0,0.0,0.0,0.0,93082.19,930.9198,930.7565,-0.005,0.0,2021,7,2,2,0
"2021-07-02 03:00:00",82.0,"4720",12.55,18.13,3.48,1.541,310.3,287.96,280.144,56.41,16.3,13.68,7.595,6.625,62.95,56.01,0.0,0.0,0.0,0.0,93089.37,931.058,930.8091,0.009,0.0,2021,7,2,3,0
"2021-07-02 04:00:00",83.0,"4720",12.52,18.43,2.47,1.02,313.7,288.83,280.53799999999995,59.21,16.33,14.8,7.726,7.095,60.9,56.01,0.0,0.0,0.0,0.0,93105.31999999999,931.2452,930.9117,-0.001,0.0,2021,7,2,4,0
"2021-07-02 05:00:00",84.0,"4720",12.48,17.98,2.35,0.76,302.9,286.41999999999996,280.32599999999996,68.09,15.42,12.3,7.77,6.639,70.4,59.27,0.0,0.0,0.0,0.0,93087.90000000001,931.0284,930.7637,-0.01,0.0,2021,7,2,5,0
"2021-07-02 06:00:00",85.0,"4720",12.43,16.55,2.33,1.072,312.2,287.16999999999996,280.804,65.0,14.87,13.28,8.05,7.334,68.24,63.24,0.0,0.0,0.0,0.0,93132.31,931.4855,930.8897,-0.003,0.0,2021,7,2,6,0
"2021-07-02 07:00:00",86.0,"4720",12.42,17.7,1.86,0.843,306.0,287.87,280.996,60.06,16.29,13.74,8.54,7.424,66.36,59.73,0.0,"NAN","NAN","NAN",93157.73000000001,931.8809,931.3424,-0.004,0.15,2021,7,2,7,0
"2021-07-02 08:00:00",87.0,"4720",12.45,28.35,1.91,0.595,295.4,292.38,282.28999999999996,40.98,22.41,16.17,10.27,8.16,60.16,40.79,0.0,266.3163,0.9587389,377.6,93215.22,932.5239,931.8412,0.134,0.863,2021,7,2,8,0
"2021-07-02 09:00:00",88.0,"4720",13.26,34.77,2.88,0.908,51.35,296.40999999999997,281.42999999999995,36.69,24.06,22.28,8.99,7.645,41.1,35.97,0.0,481.7639,1.734348,571.1,93269.94,932.8253,932.4834,0.312,1.606,2021,7,2,9,0
"2021-07-02 10:00:00",89.0,"4720",13.42,37.27,3.71,1.234,67.04,297.28999999999996,280.893,33.3,25.2,23.33,8.59,7.105,37.79,32.45,0.0,637.2603,2.294136,691.6,93266.28,932.7928,932.5362,0.441,2.218,2021,7,2,10,0
"2021-07-02 11:00:00",90.0,"4720",13.96,38.58,3.6,1.292,73.61,298.41999999999996,280.644,29.59,26.13,24.64,8.32,6.832,33.9,29.52,0.0,729.2224,2.625203,758.8,93232.79,932.6295,932.0015,0.518,2.631,2021,7,2,11,0
"2021-07-02 12:00:00",91.0,"4720",14.13,38.68,3.41,1.242,126.5,299.17999999999995,279.82399999999996,27.44,27.1,25.03,7.788,5.97,31.81,26.66,0.0,770.5365,2.773929,777.3,93148.81,932.0803,930.9968,0.555,2.815,2021,7,2,12,0
"2021-07-02 13:00:00",92.0,"4720",14.15,40.73,3.78,1.433,141.5,300.15,279.702,26.47,28.03,26.48,7.73,5.862,29.1,25.49,0.0,747.8866,2.692396,770.9,93065.95999999999,931.0298,930.2836,0.555,2.744,2021,7,2,13,0
"2021-07-02 14:00:00",93.0,"4720",14.14,41.73,5.74,1.655,167.7,300.88,279.443,25.04,28.35,27.26,7.364,5.614,27.34,24.51,0.0,655.0251,2.358093,711.9,93020.15,930.3185,930.0463,0.505,2.429,2021,7,2,14,0
"2021-07-02 15:00:00",94.0,"4720",14.15,42.12,5.71,2.172,177.7,300.65999999999997,278.673,24.38,28.51,26.74,6.612,4.527,25.83,23.73,0.0,516.1212,1.858037,588.7,92995.75,930.0997,929.8027,0.427,1.9,2021,7,2,15,0
"2021-07-02 16:00:00",95.0,"4720",14.08,40.69,6.12,2.19,179.6,299.81,279.195,29.67,27.48,25.95,7.313,4.795,30.16,24.38,0.0,325.8105,1.172919,430.2,93020.01000000001,930.4896,929.9307,0.286,1.197,2021,7,2,16,0
"2021-07-02 17:00:00",96.0,"4720",13.53,38.58,5.84,2.228,184.6,297.87,279.589,33.23,26.08,23.13,7.087,5.946,33.35,29.2,0.0,114.0652,0.4106339,218.5,93082.45,931.2026,930.4059,0.132,0.426,2021,7,2,17,0
"2021-07-02 18:00:00",97.0,"4720",12.8,32.97,3.22,0.872,194.4,294.29999999999995,279.508,41.88,23.31,19.98,6.889,6.015,42.09,33.23,0.0,2.363925,0.008510149,15.22,93137.13,931.5592,931.1578,0.005,0.012,2021,7,2,18,0
"2021-07-02 19:00:00",98.0,"4720",12.78,26.07,3.86,0.967,193.3,292.72999999999996,280.13599999999997,47.23,20.31,18.53,7.407,6.655,47.46,41.88,0.0,0.0,0.0,0.0,93168.34999999999,931.9879,931.4893,0.005,0.0,2021,7,2,19,0
"2021-07-02 20:00:00",99.0,"4720",12.73,23.6,2.64,0.848,213.9,291.75,280.822,49.83,19.09,18.2,8.17,7.052,50.63,47.16,0.0,0.0,0.0,0.0,93221.63,932.4397,931.947,-0.002,0.0,2021,7,2,20,0
"2021-07-02 21:00:00",100.0,"4720",12.7,22.38,3.24,1.034,249.4,291.79999999999995,281.32,50.68,19.09,18.46,8.47,7.954,51.4,49.57,0.0,0.0,0.0,0.0,93260.97,932.8126,932.396,0.004,0.0,2021,7,2,21,0
"2021-07-02 22:00:00",101.0,"4720",12.68,21.93,4.77,1.264,231.1,291.52,281.59999999999997,57.0,18.9,17.74,9.29,8.0,57.1,50.02,0.0,0.0,0.0,0.0,93289.59,933.0774,932.7365,0.009,0.0,2021,7,2,22,0
"2021-07-02 23:00:00",102.0,"4720",12.66,21.54,5.05,1.417,203.0,290.08,283.40999999999997,71.01,17.98,16.23,11.16,9.1,71.07,56.87,0.0,0.0,0.0,0.0,93297.69,933.0862,932.8102,0.004,0.0,2021,7,2,23,0
"2021-07-03 00:00:00",103.0,"4720",12.63,20.39,4.65,1.096,235.3,289.02,284.58,78.57,16.41,15.18,11.75,10.98,78.83,70.95,0.0,0.0,0.0,0.0,93286.44,933.0439,932.7272,-0.008,0.0,2021,7,3,0,0
"2021-07-03 01:00:00",104.0,"4720",12.61,19.22,4.23,0.975,246.5,287.92999999999995,284.85999999999996,86.0,15.35,14.33,12.22,11.36,86.2,78.37,0.0,0.0,0.0,0.0,93264.70000000001,932.7784,932.4406,-0.013,0.0,2021,7,3,1,0
"2021-07-03 02:00:00",105.0,"4720",12.59,18.3,3.66,1.139,206.9,287.31,285.76,92.1,14.48,14.07,13.13,12.0,92.3,86.0,0.0,0.0,0.0,0.0,93235.44,932.5372,932.2078,-0.015,0.0,2021,7,3,2,0
"2021-07-03 03:00:00",106.0,"4720",12.57,19.21,3.86,1.093,211.7,287.62,286.34999999999997,91.5,14.77,14.2,13.48,12.94,92.7,91.4,0.0,0.0,0.0,0.0,93209.61,932.2776,932.0328,-0.016,0.0,2021,7,3,3,0
"2021-07-03 04:00:00",107.0,"4720",12.54,19.46,3.3,0.956,216.0,287.76,286.32,90.0,14.84,14.4,13.47,12.78,91.6,89.9,0.0,0.0,0.0,0.0,93213.01999999999,932.2929,931.9885,-0.017,0.0,2021,7,3,4,0
"2021-07-03 05:00:00",108.0,"4720",12.51,19.22,3.5,0.951,232.9,287.67999999999995,286.06,90.2,14.85,14.4,13.3,12.71,90.7,89.5,0.0,0.0,0.0,0.0,93226.67,932.3838,932.1277,-0.017,0.0,2021,7,3,5,0
"2021-07-03 06:00:00",109.0,"4720",12.47,19.32,3.23,0.948,233.9,287.72999999999996,286.13,91.3,14.9,14.14,13.31,12.67,91.4,89.6,0.0,0.0,0.0,0.0,93245.66,932.6995,932.1791,-0.017,0.0,2021,7,3,6,0
"2021-07-03 07:00:00",110.0,"4720",12.44,19.44,3.25,0.895,220.6,287.58,286.12,88.4,15.2,14.14,13.43,12.75,91.9,88.4,0.0,"NAN","NAN","NAN",93299.43,933.2795,932.6631,-0.014,0.148,2021,7,3,7,0
"2021-07-03 08:00:00",111.0,"4720",12.65,25.02,2.93,1.086,202.4,289.38,286.22999999999996,76.17,17.35,15.06,13.55,12.67,88.5,75.97,0.0,240.8654,0.8671153,381.1,93358.5,933.8952,933.2495,0.109,0.849,2021,7,3,8,0
"2021-07-03 09:00:00",112.0,"4720",13.26,31.65,2.46,0.972,183.9,291.63,285.47999999999996,60.73,19.66,17.23,13.53,11.33,76.31,60.47,0.0,480.6716,1.730419,565.5,93395.08,934.121,933.8225,0.277,1.583,2021,7,3,9,0
"2021-07-03 10:00:00",113.0,"4720",13.49,34.93,3.49,1.048,147.1,293.73999999999995,283.89,49.07,21.82,19.46,12.03,9.52,61.0,46.72,0.0,639.0924,2.300728,706.2,93405.74,934.181,933.8547,0.402,2.197,2021,7,3,10,0
"2021-07-03 11:00:00",114.0,"4720",14.07,36.34,4.61,1.334,165.6,295.06,282.45,40.4,22.93,20.96,10.77,6.899,51.08,37.4,0.0,733.1108,2.639196,761.8,93359.18000000001,933.9073,933.3297,0.486,2.618,2021,7,3,11,0
"2021-07-03 12:00:00",115.0,"4720",14.21,36.32,4.28,1.345,186.7,295.83,282.03,39.95,23.96,22.01,10.12,7.672,43.5,38.96,0.0,759.5611,2.734411,766.6,93300.35,933.4158,932.5345,0.515,2.799,2021,7,3,12,0
"2021-07-03 13:00:00",116.0,"4720",14.18,38.1,4.41,1.337,151.0,297.07,282.38,38.52,24.93,23.2,9.99,8.47,41.84,37.21,0.0,737.6666,2.655603,757.4,93209.58,932.6252,931.6658,0.513,2.724,2021,7,3,13,0
"2021-07-03 14:00:00",117.0,"4720",14.13,39.73,3.83,1.288,162.4,297.91999999999996,282.21,35.33,25.54,23.99,9.85,8.49,39.59,35.07,0.0,654.7697,2.357172,705.4,93131.79000000001,931.7279,930.979,0.461,2.412,2021,7,3,14,0
"2021-07-03 15:00:00",118.0,"4720",14.11,40.77,4.2,1.219,160.1,298.46,281.81,34.49,26.12,24.65,9.54,8.15,36.82,33.37,0.0,509.2708,1.833377,590.6,93083.62,931.0393,930.6646,0.36,1.885,2021,7,3,15,0
"2021-07-03 16:00:00",119.0,"4720",14.09,40.5,3.49,1.232,176.2,298.39,281.78999999999996,35.26,25.76,24.78,9.34,7.889,36.14,32.85,0.0,312.0237,1.123287,408.0,93086.89,931.0486,930.7015,0.222,1.19,2021,7,3,16,0
"2021-07-03 17:00:00",120.0,"4720",13.5,38.45,3.56,1.463,175.5,296.71999999999997,281.34,41.9,25.43,21.69,9.13,7.849,41.98,34.55,0.0,109.231,0.3932326,209.8,93113.01999999999,931.2944,930.96,0.086,0.427,2021,7,3,17,0
"2021-07-03 18:00:00",121.0,"4720",12.81,32.16,3.52,1.066,182.2,293.09999999999997,281.83,54.98,21.8,18.66,9.6,8.09,55.02,41.83,0.0,2.571219,0.009256389,15.97,93137.03,931.6385,931.1945,0.008,0.012,2021,7,3,18,0
"2021-07-03 19:00:00",122.0,"4720",12.79,25.35,1.95,0.8,192.5,291.08,283.32,63.19,18.8,17.55,10.79,9.41,63.84,54.92,0.0,0.0,0.0,0.0,93180.65000000001,932.0801,931.606,-0.007,0.0,2021,7,3,19,0
"2021-07-03 20:00:00",123.0,"4720",12.73,22.56,2.22,0.705,249.8,290.71999999999997,283.54999999999995,63.78,17.94,17.28,10.73,10.24,63.78,61.89,0.0,0.0,0.0,0.0,93242.85,932.7004,932.0471,-0.011,0.0,2021,7,3,20,0
"2021-07-03 21:00:00",124.0,"4720",12.7,21.68,3.25,1.289,275.6,290.35999999999996,283.54999999999995,67.1,17.88,16.04,10.77,9.94,67.75,62.8,0.0,0.0,0.0,0.0,93274.68000000001,932.8754,932.6569,0.002,0.0,2021,7,3,21,0
"2021-07-03 22:00:00",125.0,"4720",12.67,20.72,2.36,0.926,264.5,289.27,283.44,69.4,16.66,15.65,10.53,10.01,70.15,66.77,0.0,0.0,0.0,0.0,93269.94,932.8069,932.5437,-0.008,0.0,2021,7,3,22,0
"2021-07-03 23:00:00",126.0,"4720",12.64,19.5,2.69,0.882,262.4,288.98999999999995,283.54999999999995,70.1,16.2,15.58,10.65,10.24,71.14,68.73,0.0,0.0,0.0,0.0,93252.48,932.5999,932.3721,-0.009,0.0,2021,7,3,23,0
"2021-07-04 00:00:00",127.0,"4720",12.62,19.3,2.73,1.11,292.6,288.42999999999995,283.34999999999997,74.51,15.96,14.46,10.6,9.79,74.65,69.83,0.0,0.0,0.0,0.0,93225.89,932.457,931.9862,-0.006,0.0,2021,7,4,0,0
"2021-07-04 01:00:00",128.0,"4720",12.59,18.6,2.44,0.848,263.3,287.21,283.15999999999997,77.13,14.7,13.55,10.55,9.41,78.23,74.13,0.0,0.0,0.0,0.0,93184.09,932.0452,931.5809,-0.013,0.0,2021,7,4,1,0
"2021-07-04 02:00:00",129.0,"4720",12.57,17.34,2.0,0.556,271.0,286.96,283.28999999999996,77.13,14.37,13.35,10.55,9.87,80.5,76.35,0.0,0.0,0.0,0.0,93136.13,931.6284,931.0626,-0.019,0.0,2021,7,4,2,0
"2021-07-04 03:00:00",130.0,"4720",12.54,17.45,3.87,1.67,287.3,287.14,283.17999999999995,79.04,14.76,13.28,10.52,9.63,79.24,75.11,0.0,0.0,0.0,0.0,93088.51,931.0943,930.7198,-0.001,0.0,2021,7,4,3,0
"2021-07-04 04:00:00",131.0,"4720",12.5,17.27,3.54,2.029,294.9,286.37,283.01,80.6,13.52,13.02,10.18,9.63,80.7,79.02,0.0,0.0,0.0,0.0,93056.59000000001,930.7932,930.491,0.0,0.0,2021,7,4,4,0
"2021-07-04 05:00:00",132.0,"4720",12.46,17.04,3.41,1.606,280.5,286.21999999999997,283.17999999999995,82.8,13.45,12.43,10.37,9.55,82.9,80.5,0.0,0.0,0.0,0.0,93053.14,930.6725,930.4642,-0.005,0.0,2021,7,4,5,0
"2021-07-04 06:00:00",133.0,"4720",12.41,16.39,2.57,0.957,307.9,285.08,282.66999999999996,88.0,12.6,10.72,10.16,8.78,88.0,82.7,0.0,0.0,0.0,0.0,93092.42,931.3087,930.6433,-0.014,0.0,2021,7,4,6,0
"2021-07-04 07:00:00",134.0,"4720",12.4,15.28,1.15,0.519,339.4,283.94,282.4,88.8,12.6,10.13,10.84,8.49,91.8,87.9,0.0,"NAN","NAN","NAN",93158.51,931.7769,931.2823,-0.02,0.149,2021,7,4,7,0
"2021-07-04 08:00:00",135.0,"4720",12.44,24.99,4.48,1.034,4.265,289.15,284.46,66.84,18.32,12.49,12.06,10.7,88.9,64.44,0.0,267.2751,0.9621903,379.0,93207.34999999999,932.4642,931.7485,0.128,0.855,2021,7,4,8,0
"2021-07-04 09:00:00",136.0,"4720",13.27,30.58,4.3,1.582,22.23,292.48999999999995,285.54999999999995,59.95,20.71,18.08,12.88,11.89,68.68,59.36,0.0,475.1776,1.710638,563.3,93252.94,932.6748,932.392,0.286,1.583,2021,7,4,9,0
"2021-07-04 10:00:00",137.0,"4720",13.47,34.25,5.19,1.421,53.28,294.91999999999996,285.5,51.77,22.97,20.57,12.83,11.88,60.08,50.96,0.0,622.1586,2.239774,687.1,93251.42,932.6682,932.3143,0.405,2.186,2021,7,4,10,0
"2021-07-04 11:00:00",138.0,"4720",13.73,35.85,5.33,1.492,71.24,296.34,285.28999999999996,47.32,23.77,22.74,12.84,10.92,52.06,46.01,0.0,643.9382,2.318175,887.0,93212.13,932.3964,931.8176,0.447,2.596,2021,7,4,11,0
"2021-07-04 12:00:00",139.0,"4720",13.96,35.97,6.88,1.869,34.07,297.27,284.59999999999997,43.93,25.24,23.46,12.53,10.92,49.07,42.36,0.0,755.5404,2.71995,901.0,93142.53,931.8727,930.9802,0.534,2.779,2021,7,4,12,0
"2021-07-04 13:00:00",140.0,"4720",13.95,37.7,4.99,1.609,45.86,298.15,284.76,41.46,26.05,24.38,12.21,11.18,45.28,40.54,0.0,696.6562,2.507966,787.4,93067.0,931.0116,930.3042,0.503,2.707,2021,7,4,13,0
"2021-07-04 14:00:00",141.0,"4720",13.96,39.23,5.21,1.58,57.12,298.87,284.7,41.65,26.47,25.1,12.16,11.1,42.91,39.96,0.0,644.1328,2.318877,706.6,93005.86,930.3574,929.7634,0.469,2.396,2021,7,4,14,0
"2021-07-04 15:00:00",142.0,"4720",14.17,39.8,5.18,1.505,67.84,299.03999999999996,284.40999999999997,40.49,26.29,25.5,12.12,10.69,42.1,38.85,0.0,513.5989,1.84896,595.0,92961.72,929.7955,929.5499,0.375,1.872,2021,7,4,15,0
"2021-07-04 16:00:00",143.0,"4720",14.14,39.67,4.42,1.514,39.3,298.71999999999997,283.84999999999997,39.42,26.23,25.04,11.44,10.14,40.68,38.33,0.0,326.0414,1.173749,425.1,92967.93000000001,929.7963,929.5377,0.239,1.186,2021,7,4,16,0
"2021-07-04 17:00:00",144.0,"4720",13.54,37.67,3.33,1.083,53.28,297.84,283.75,46.14,25.41,23.0,11.23,10.02,46.18,38.85,0.0,115.3988,0.4154353,225.4,92983.63,929.9264,929.7241,0.067,0.427,2021,7,4,17,0
"2021-07-04 18:00:00",145.0,"4720",12.81,33.01,2.82,0.587,22.07,294.09999999999997,283.76,56.03,23.15,19.32,11.04,10.32,56.14,46.07,0.0,2.459221,0.008853205,15.17,93006.02,930.1694,929.8871,-0.011,0.013,2021,7,4,18,0
"2021-07-04 19:00:00",146.0,"4720",12.78,25.83,1.21,0.485,331.0,291.78,283.53999999999996,60.52,19.46,18.2,10.67,10.24,60.67,56.03,0.0,0.0,0.0,0.0,93030.03,930.5861,930.1275,-0.018,0.0,2021,7,4,19,0
"2021-07-04 20:00:00",147.0,"4720",12.74,22.95,1.55,0.654,320.7,291.23999999999995,283.78999999999996,62.35,18.39,17.81,11.03,10.41,62.94,60.52,0.0,0.0,0.0,0.0,93066.0,930.8756,930.5482,-0.013,0.0,2021,7,4,20,0
"2021-07-04 21:00:00",148.0,"4720",12.71,21.67,3.44,0.786,285.5,290.63,283.65999999999997,70.23,18.41,15.32,10.97,9.91,70.39,61.37,0.0,0.0,0.0,0.0,93113.45,931.5344,930.8502,-0.01,0.0,2021,7,4,21,0
"2021-07-04 22:00:00",149.0,"4720",12.69,20.82,1.46,0.593,333.9,288.31,283.21999999999997,69.82,15.87,14.73,10.45,9.82,73.13,69.57,0.0,0.0,0.0,0.0,93155.64,931.6416,931.4446,-0.017,0.0,2021,7,4,22,0
"2021-07-04 23:00:00",150.0,"4720",12.65,18.88,1.97,0.549,269.2,288.09999999999997,283.13,76.28,15.94,13.81,10.46,9.55,76.66,69.38,0.0,0.0,0.0,0.0,93138.63,931.5079,931.207,-0.018,0.0,2021,7,4,23,0
"2021-07-05 00:00:00",151.0,"4720",12.63,19.46,2.83,1.347,287.8,289.02,283.47999999999996,68.47,16.54,13.94,10.61,9.84,76.86,67.49,0.0,0.0,0.0,0.0,93105.15000000001,931.2452,930.9608,-0.001,0.0,2021,7,5,0,0
"2021-07-05 01:00:00",152.0,"4720",12.61,19.59,3.45,1.622,290.9,288.97999999999996,283.51,70.36,16.34,15.58,10.61,10.16,70.82,68.4,0.0,0.0,0.0,0.0,93092.51000000001,931.1192,930.6636,0.003,0.0,2021,7,5,1,0
"2021-07-05 02:00:00",153.0,"4720",12.6,19.47,2.94,1.338,290.8,288.84,283.51,71.99,16.34,14.99,10.71,9.84,72.8,68.79,0.0,0.0,0.0,0.0,93047.08,930.6849,930.2911,-0.002,0.0,2021,7,5,2,0
"2021-07-05 03:00:00",154.0,"4720",12.58,18.96,3.51,1.16,299.2,288.79999999999995,283.81,73.49,16.01,15.25,11.03,10.43,73.6,71.14,0.0,0.0,0.0,0.0,93026.53,930.351,930.1841,-0.006,0.0,2021,7,5,3,0
"2021-07-05 04:00:00",155.0,"4720",12.53,18.9,2.76,1.277,283.9,288.2,283.65999999999997,75.37,15.49,14.33,10.83,10.05,75.49,73.35,0.0,0.0,0.0,0.0,93028.44,930.4523,930.1907,-0.005,0.0,2021,7,5,4,0
"2021-07-05 05:00:00",156.0,"4720",12.47,18.42,2.71,1.099,288.1,287.23999999999995,283.17999999999995,74.92,14.94,13.61,10.72,9.67,78.02,73.94,0.0,0.0,0.0,0.0,93049.05,930.8531,930.3322,-0.009,0.0,2021,7,5,5,0
"2021-07-05 06:00:00",157.0,"4720",12.42,17.48,2.23,0.627,219.6,285.96999999999997,282.88,82.7,14.39,11.77,10.78,9.04,86.2,74.78,0.0,0.0,0.0,0.0,93103.38,931.2015,930.8121,-0.018,0.0,2021,7,5,6,0
"2021-07-05 07:00:00",158.0,"4720",12.42,16.66,1.68,0.542,236.5,286.37,283.38,80.7,14.43,12.37,11.21,9.48,85.3,79.08,0.0,35.80446,0.1288961,150.3,93149.08,931.7228,931.1366,-0.016,0.148,2021,7,5,7,0
"2021-07-05 08:00:00",159.0,"4720",12.47,27.82,1.4,0.538,281.3,291.40999999999997,285.09999999999997,56.17,21.55,14.33,12.86,11.05,80.8,55.98,0.0,258.9295,0.9321465,366.2,93212.84000000001,932.5694,931.7124,0.125,0.853,2021,7,5,8,0
"2021-07-05 09:00:00",160.0,"4720",13.23,34.59,2.29,0.773,157.5,295.47999999999996,285.4,49.59,23.08,21.43,12.88,11.54,56.37,48.75,0.0,459.7785,1.655203,549.6,93289.63,933.1737,932.5455,0.287,1.586,2021,7,5,9,0
"2021-07-05 10:00:00",161.0,"4720",13.43,36.97,3.94,1.372,136.8,296.66999999999996,283.9,39.49,24.57,22.74,12.06,9.63,49.82,39.43,0.0,614.4092,2.211874,675.5,93305.47,933.2759,932.7706,0.419,2.201,2021,7,5,10,0
"2021-07-05 11:00:00",162.0,"4720",13.98,38.96,4.33,1.19,116.5,298.17999999999995,282.92999999999995,37.42,25.75,24.18,10.62,9.14,40.61,35.98,0.0,706.311,2.542723,738.3,93259.67000000001,932.8387,932.2487,0.497,2.62,2021,7,5,11,0
"2021-07-05 12:00:00",163.0,"4720",14.0,39.24,4.96,1.436,138.8,299.03,282.03,33.24,26.83,25.36,10.56,7.951,38.19,30.9,0.0,728.7138,2.623371,746.2,93196.44,932.2834,931.5833,0.535,2.807,2021,7,5,12,0
"2021-07-05 13:00:00",164.0,"4720",14.15,41.03,4.89,1.35,115.2,300.46,281.84,36.07,28.37,26.54,10.89,7.787,36.23,28.03,0.0,723.6511,2.605148,736.6,93119.4,931.6041,930.7292,0.54,2.738,2021,7,5,13,0
"2021-07-05 14:00:00",165.0,"4720",13.79,41.14,5.22,1.832,164.0,299.87,283.78,35.08,27.53,25.69,11.29,8.99,38.45,32.27,0.0,611.9577,2.203045,707.8,93047.33,930.8248,930.1864,0.472,2.409,2021,7,5,14,0
"2021-07-05 15:00:00",166.0,"4720",14.15,41.29,5.83,1.919,168.3,300.02,283.51,37.88,27.48,26.41,11.53,9.52,37.88,33.31,0.0,506.8405,1.824626,586.9,92999.45,930.2518,929.7911,0.397,1.884,2021,7,5,15,0
"2021-07-05 16:00:00",167.0,"4720",14.08,41.0,5.69,2.061,189.0,299.15999999999997,284.60999999999996,42.59,26.76,25.1,12.12,10.59,42.69,36.83,0.0,316.4386,1.13918,417.5,93002.48,930.3243,929.7836,0.26,1.187,2021,7,5,16,0
"2021-07-05 17:00:00",168.0,"4720",13.45,37.71,6.03,2.436,184.7,297.01,284.56,48.88,25.3,22.67,11.88,11.1,49.04,42.17,0.0,"NAN","NAN","NAN",93048.58,930.9709,502.5395,0.118,0.399,2021,7,5,17,0
"2021-07-05 18:00:00",169.0,"4720",12.79,32.19,4.44,1.277,194.0,294.37,284.32,55.19,22.8,20.04,11.57,10.85,55.93,48.87,0.0,2.82383,0.01016578,17.63,93117.04,931.3774,930.8838,0.042,0.013,2021,7,5,18,0
"2021-07-05 19:00:00",170.0,"4720",12.78,26.48,3.26,1.248,195.1,292.9,284.03,58.9,20.34,19.19,11.18,10.73,58.9,55.05,0.0,0.0,0.0,0.0,93165.67,931.9886,931.3298,0.035,0.0,2021,7,5,19,0
"2021-07-05 20:00:00",171.0,"4720",12.74,24.57,5.27,1.303,209.5,292.02,285.40999999999997,69.2,19.36,18.66,13.26,10.98,69.57,58.9,0.0,0.0,0.0,0.0,93222.75,932.4888,931.9363,0.028,0.0,2021,7,5,20,0
"2021-07-05 21:00:00",172.0,"4720",12.71,23.27,5.12,1.417,220.8,291.59,286.37,72.39,18.91,18.2,13.46,12.98,72.74,69.19,0.0,0.0,0.0,0.0,93255.19,932.8134,932.3761,0.024,0.0,2021,7,5,21,0
"2021-07-05 22:00:00",173.0,"4720",12.68,22.61,5.01,1.558,202.0,290.75,286.29999999999995,77.6,18.38,17.03,13.46,13.01,77.97,72.26,0.0,0.0,0.0,0.0,93298.44,933.1969,932.731,0.022,0.0,2021,7,5,22,0
"2021-07-05 23:00:00",174.0,"4720",12.65,21.63,5.5,1.484,207.7,290.03999999999996,286.57,81.6,17.41,16.5,13.68,13.27,81.8,77.6,0.0,0.0,0.0,0.0,93298.04000000001,933.0931,932.7931,0.017,0.0,2021,7,5,23,0
"2021-07-06 00:00:00",175.0,"4720",12.64,20.82,5.53,1.857,201.3,289.40999999999997,286.56,84.6,16.67,15.84,13.66,13.25,85.4,81.3,0.0,0.0,0.0,0.0,93280.09,932.9463,932.5601,0.016,0.0,2021,7,6,0,0
"2021-07-06 01:00:00",176.0,"4720",12.61,20.26,4.51,1.473,205.5,288.83,286.57,88.2,16.15,15.45,13.73,13.28,88.3,84.4,0.0,0.0,0.0,0.0,93253.77,932.7603,932.3147,0.011,0.0,2021,7,6,1,0
"2021-07-06 02:00:00",177.0,"4720",12.59,19.97,4.49,1.55,195.7,288.7,286.98999999999995,89.1,16.05,15.32,14.38,13.4,91.0,87.9,0.0,0.0,0.0,0.0,93232.25,932.4351,932.1447,0.009,0.0,2021,7,6,2,0
"2021-07-06 03:00:00",178.0,"4720",12.56,20.21,5.57,2.115,188.9,288.65,287.13,92.3,15.95,15.18,14.24,13.77,92.3,89.1,0.0,0.0,0.0,0.0,93219.72,932.2867,932.0311,0.009,0.0,2021,7,6,3,0
"2021-07-06 04:00:00",179.0,"4720",12.53,19.5,4.11,1.672,192.0,288.15999999999997,287.07,94.0,15.36,14.79,14.17,13.78,94.1,92.1,0.0,0.0,0.0,0.0,93226.27,932.5947,931.9993,0.006,0.0,2021,7,6,4,0
"2021-07-06 05:00:00",180.0,"4720",12.49,19.28,2.95,0.832,199.7,287.82,286.96,95.0,14.92,14.53,14.17,13.67,95.2,93.9,0.0,0.0,0.0,0.0,93266.54999999999,932.8492,932.5425,0.003,0.0,2021,7,6,5,0
"2021-07-06 06:00:00",181.0,"4720",12.43,20.13,5.52,1.429,197.7,288.51,287.60999999999996,93.6,15.88,14.79,14.88,13.97,95.2,93.4,0.0,0.04806871,0.0001730473,1.002,93297.03,933.3098,932.7203,0.005,0.0,2021,7,6,6,0
"2021-07-06 07:00:00",182.0,"4720",12.41,20.31,4.49,1.661,187.3,288.75,287.81,94.2,16.05,15.45,15.13,14.47,94.5,93.6,0.0,25.97024,0.09349283,94.4,93353.98,933.8188,933.1679,-0.002,0.147,2021,7,6,7,0
"2021-07-06 08:00:00",183.0,"4720",12.46,21.75,5.79,1.848,183.3,289.22999999999996,287.96,91.3,16.37,15.91,15.27,14.52,94.4,90.9,0.0,"NAN","NAN","NAN",93420.25,934.7086,933.7545,0.045,0.843,2021,7,6,8,0
"2021-07-06 09:00:00",184.0,"4720",12.6,22.93,5.37,1.953,184.8,289.64,287.65999999999997,83.7,17.49,16.24,15.12,13.99,91.4,82.7,0.0,131.7063,0.4741436,847.0,93503.68,935.2999,934.6487,0.09,1.573,2021,7,6,9,0
"2021-07-06 10:00:00",185.0,"4720",13.25,25.74,6.16,2.318,188.0,290.87,287.54999999999995,79.57,18.19,17.36,14.9,13.86,83.8,77.87,0.0,263.9865,0.9503511,793.3,93528.38,935.3732,935.0751,0.173,2.174,2021,7,6,10,0
"2021-07-06 11:00:00",186.0,"4720",13.27,28.03,6.95,2.19,189.6,291.79999999999995,287.44,70.11,19.78,17.88,14.88,13.03,80.9,69.73,0.0,358.1755,1.289433,958.0,93507.91,935.3634,934.7635,0.237,2.582,2021,7,6,11,0
"2021-07-06 12:00:00",187.0,"4720",13.24,30.11,8.2,2.616,191.5,292.32,287.04999999999995,78.39,20.67,17.36,14.59,13.38,79.42,66.14,0.0,364.5816,1.312495,1098.0,93460.36,934.9163,934.4082,0.255,2.763,2021,7,6,12,0
"2021-07-06 13:00:00",188.0,"4720",13.29,26.69,6.66,2.385,178.5,290.52,286.31,75.65,17.92,17.09,13.98,12.42,79.73,71.87,0.0,140.2066,0.5047438,201.9,93410.19,934.5086,933.7142,0.121,2.702,2021,7,6,13,0
"2021-07-06 14:00:00",189.0,"4720",13.4,25.49,5.0,1.872,181.2,290.71,286.47999999999996,75.13,17.99,17.29,13.65,12.97,78.08,73.83,0.0,164.7866,0.5932319,199.1,93339.67,933.7865,933.0129,0.131,2.391,2021,7,6,14,0
"2021-07-06 15:00:00",190.0,"4720",13.42,25.65,4.87,1.767,183.1,291.09,286.22999999999996,71.09,18.74,17.62,13.57,12.76,75.23,71.09,0.0,164.9893,0.5939614,225.9,93282.2,933.0929,932.3734,0.131,1.87,2021,7,6,15,0
"2021-07-06 16:00:00",191.0,"4720",13.54,26.42,3.91,1.249,207.8,291.84,286.48999999999995,72.57,19.02,18.47,13.69,12.97,72.7,69.66,0.0,143.7197,0.5173903,234.6,93243.53,932.6416,932.3206,0.106,1.183,2021,7,6,16,0
"2021-07-06 17:00:00",192.0,"4720",12.94,25.99,3.83,1.155,197.0,291.29999999999995,286.44,76.24,18.67,17.35,13.75,13.03,76.3,70.83,0.0,55.18083,0.1986512,99.9,93252.11,932.6553,932.4286,0.044,0.431,2021,7,6,17,0
"2021-07-06 18:00:00",193.0,"4720",12.82,23.48,2.67,0.46,206.1,289.65999999999997,286.03999999999996,80.5,17.47,16.1,13.32,12.7,80.6,76.24,0.0,2.011842,0.007242628,11.48,93258.37,932.7332,932.5045,0.005,0.014,2021,7,6,18,0
"2021-07-06 19:00:00",194.0,"4720",12.77,20.42,2.01,0.566,194.9,288.76,285.96999999999997,86.9,16.35,14.99,13.12,12.64,87.1,80.2,0.0,0.0,0.0,0.0,93300.15,933.2529,932.7025,0.004,0.0,2021,7,6,19,0
"2021-07-06 20:00:00",195.0,"4720",12.72,19.15,1.97,0.578,207.0,288.51,286.14,84.5,15.76,15.05,13.27,12.86,87.2,84.4,0.0,0.0,0.0,0.0,93339.58,933.5961,933.2094,0.003,0.0,2021,7,6,20,0
"2021-07-06 21:00:00",196.0,"4720",12.71,19.21,2.39,0.649,209.3,289.13,286.16999999999996,82.5,16.27,15.64,13.31,12.83,84.6,81.8,0.0,0.0,0.0,0.0,93369.98999999999,933.8536,933.5531,0.005,0.0,2021,7,6,21,0
"2021-07-06 22:00:00",197.0,"4720",12.67,18.97,3.06,0.992,197.0,288.31,285.66999999999996,82.5,15.94,14.66,13.08,12.16,85.7,82.4,0.0,0.0,0.0,0.0,93385.19,933.933,933.678,0.007,0.0,2021,7,6,22,0
"2021-07-06 23:00:00",198.0,"4720",12.62,18.28,4.4,1.571,190.4,287.97999999999996,284.71999999999997,80.9,15.49,14.33,12.35,11.1,82.5,80.1,0.0,0.0,0.0,0.0,93347.64,933.723,933.225,0.014,0.0,2021,7,6,23,0
"2021-07-07 00:00:00",199.0,"4720",12.6,18.02,3.08,1.202,196.9,287.59999999999997,284.39,82.6,14.83,14.14,11.51,11.02,82.7,79.74,0.0,0.0,0.0,0.0,93310.70999999999,933.2826,932.8818,0.011,0.0,2021,7,7,0,0
"2021-07-07 01:00:00",200.0,"4720",12.58,17.55,2.96,1.056,197.6,287.16999999999996,284.59,85.3,14.31,13.81,11.77,11.21,85.5,82.5,0.0,0.0,0.0,0.0,93256.73000000001,932.9224,932.2703,0.007,0.0,2021,7,7,1,0
"2021-07-07 02:00:00",201.0,"4720",12.56,17.15,4.05,1.312,195.9,286.85999999999996,284.46,87.4,14.0,13.41,11.62,11.13,87.5,84.6,0.0,0.0,0.0,0.0,93196.29,932.3036,931.7233,0.008,0.0,2021,7,7,2,0
"2021-07-07 03:00:00",202.0,"4720",12.54,17.1,3.04,1.283,194.0,286.46,284.29999999999995,85.5,13.59,13.02,11.56,10.72,87.6,85.5,0.0,0.0,0.0,0.0,93160.92,931.7594,931.4901,0.007,0.0,2021,7,7,3,0
"2021-07-07 04:00:00",203.0,"4720",12.48,16.6,3.66,1.168,200.4,286.27,283.95,87.2,13.41,12.89,11.24,10.55,87.6,84.6,0.0,0.0,0.0,0.0,93165.23999999999,931.7643,931.5422,0.007,0.0,2021,7,7,4,0
"2021-07-07 05:00:00",204.0,"4720",12.42,16.6,3.89,1.28,197.2,286.28999999999996,284.46,90.4,13.44,12.83,11.59,11.09,90.7,87.2,0.0,0.0,0.0,0.0,93191.38,932.165,931.6737,0.006,0.0,2021,7,7,5,0
"2021-07-07 06:00:00",205.0,"4720",12.39,16.54,3.65,0.774,197.6,285.81,284.57,93.1,12.99,12.36,11.71,11.22,93.3,90.4,0.0,0.0,0.0,0.0,93245.17,932.8018,932.123,0.002,0.0,2021,7,7,6,0
"2021-07-07 07:00:00",206.0,"4720",12.38,16.94,3.09,0.701,238.1,286.01,285.02,93.1,14.13,12.23,13.09,11.14,94.3,93.0,0.0,"NAN","NAN","NAN",93293.19,933.2201,932.7249,-0.021,0.148,2021,7,7,7,0
"2021-07-07 08:00:00",207.0,"4720",12.52,23.57,4.24,1.387,215.1,288.51,286.37,81.5,16.74,14.07,13.76,12.86,93.1,81.2,0.0,250.4889,0.9017602,394.6,93354.6,934.0174,933.183,0.109,0.85,2021,7,7,8,0
"2021-07-07 09:00:00",208.0,"4720",13.21,29.45,3.8,1.443,184.1,290.69,286.09999999999997,67.44,18.71,16.51,13.79,11.98,82.2,66.07,0.0,463.5961,1.668947,556.1,93418.48999999999,934.3787,933.9773,0.258,1.585,2021,7,7,9,0
"2021-07-07 10:00:00",209.0,"4720",13.29,31.82,4.96,1.778,179.2,292.40999999999997,285.45,57.86,20.31,18.61,13.13,11.3,68.05,57.86,0.0,587.7964,2.116065,743.2,93442.68,934.514,934.2245,0.36,2.194,2021,7,7,10,0
"2021-07-07 11:00:00",210.0,"4720",13.47,33.95,6.16,1.942,180.5,293.89,284.95,52.48,22.2,19.66,12.46,11.24,61.18,51.29,0.0,668.6226,2.407043,835.0,93393.26999999999,934.3144,933.5254,0.437,2.609,2021,7,7,11,0
"2021-07-07 12:00:00",211.0,"4720",13.82,34.72,6.59,2.431,178.8,295.01,284.76,53.7,22.97,20.84,12.55,10.58,56.95,48.16,0.0,640.6718,2.306415,944.0,93340.81999999999,933.7257,932.9917,0.449,2.79,2021,7,7,12,0
"2021-07-07 13:00:00",212.0,"4720",13.85,34.39,7.6,2.432,185.5,295.31,285.16999999999996,52.46,22.97,21.17,12.78,11.3,56.4,49.33,0.0,616.3469,2.218851,940.0,93260.36,933.1359,931.9385,0.437,2.718,2021,7,7,13,0
"2021-07-07 14:00:00",213.0,"4720",13.99,35.03,6.82,2.752,178.6,295.37,285.5,55.66,23.2,21.5,13.21,11.5,57.62,49.14,0.0,572.5921,2.061331,954.0,93188.75,932.1648,931.7451,0.408,2.405,2021,7,7,14,0
"2021-07-07 15:00:00",214.0,"4720",13.84,34.16,6.96,2.785,180.0,294.04999999999995,285.97999999999996,62.56,22.23,20.11,13.44,12.51,63.16,55.59,0.0,292.317,1.052342,825.0,93195.54000000001,932.1111,931.7444,0.238,1.878,2021,7,7,15,0
"2021-07-07 17:00:00",0.0,"4720",12.81,26.21,7.16,3.057,188.3,288.94,286.77,88.2,16.34,-3.701,13.91,-9.53,88.5,63.96,0.0,16.83872,0.03170731,32.93,93251.27,932.9746,501.8278,0.031,0.268,2021,7,7,17,0
"2021-07-07 18:00:00",1.0,"4720",12.79,23.69,6.68,2.57,191.1,288.15,286.53999999999996,90.4,15.59,14.79,13.81,13.17,91.0,88.2,0.0,2.015247,0.007254902,16.12,93312.26000000001,933.3768,932.7951,0.011,0.014,2021,7,7,18,0
"2021-07-07 19:00:00",2.0,"4720",12.74,21.69,4.77,1.645,199.1,288.09,286.78,93.8,15.16,14.79,13.97,13.37,93.9,90.3,0.0,0.0,0.0,0.0,93361.37,933.9623,933.2396,0.007,0.0,2021,7,7,19,0
"2021-07-07 20:00:00",3.0,"4720",12.72,20.89,4.87,1.863,193.2,287.71999999999997,286.82,94.1,14.97,14.2,14.05,13.26,94.7,93.8,0.0,0.0,0.0,0.0,93429.16,934.5531,933.8569,0.005,0.0,2021,7,7,20,0
"2021-07-07 21:00:00",4.0,"4720",12.69,20.2,4.78,1.568,198.9,287.44,286.5,93.7,14.57,14.14,13.63,13.11,94.4,93.4,0.0,0.0,0.0,0.0,93460.27,934.688,934.4539,0.005,0.0,2021,7,7,21,0
"2021-07-07 22:00:00",5.0,"4720",12.67,19.87,4.11,1.439,200.2,287.69,286.4,90.8,14.77,14.4,13.59,13.06,93.7,90.8,0.0,0.0,0.0,0.0,93472.91,934.7977,934.5327,0.006,0.0,2021,7,7,22,0
"2021-07-07 23:00:00",6.0,"4720",12.65,19.78,5.02,1.609,195.3,287.65999999999997,286.21999999999997,91.5,14.77,14.4,13.32,13.0,91.7,90.4,0.0,0.0,0.0,0.0,93446.38,934.6765,934.218,0.007,0.0,2021,7,7,23,0
"2021-07-08 00:00:00",7.0,"4720",12.63,19.69,4.32,1.485,200.6,287.47999999999996,286.17999999999995,91.9,14.57,14.2,13.26,12.89,92.2,91.5,0.0,0.0,0.0,0.0,93432.59000000001,934.4496,934.1812,0.006,0.0,2021,7,8,0,0
"2021-07-08 01:00:00",8.0,"4720",12.6,19.2,4.66,1.503,194.3,287.34999999999997,286.02,91.5,14.44,14.14,13.12,12.78,92.1,91.2,0.0,0.0,0.0,0.0,93407.75,934.2451,933.8371,0.007,0.0,2021,7,8,1,0
"2021-07-08 02:00:00",9.0,"4720",12.58,18.94,4.14,1.348,197.1,287.12,285.88,93.4,14.37,13.55,13.05,12.44,93.6,91.4,0.0,0.0,0.0,0.0,93365.22,933.9151,933.438,0.006,0.0,2021,7,8,2,0
"2021-07-08 03:00:00",10.0,"4720",12.54,18.16,3.84,1.048,207.2,286.72999999999996,285.71999999999997,92.9,13.79,13.48,12.83,12.41,94.0,92.8,0.0,0.0,0.0,0.0,93330.1,933.5262,933.0582,0.004,0.0,2021,7,8,3,0
"2021-07-08 04:00:00",11.0,"4720",12.51,17.6,3.88,1.072,239.0,286.48999999999995,285.09999999999997,87.2,13.71,13.09,12.57,11.38,92.9,87.0,0.0,0.0,0.0,0.0,93315.23,933.2604,933.0541,0.005,0.0,2021,7,8,4,0
"2021-07-08 05:00:00",12.0,"4720",12.48,17.12,3.29,1.285,249.5,286.78,284.42999999999995,85.1,13.98,13.41,11.62,10.82,87.3,84.0,0.0,0.0,0.0,0.0,93322.45,933.4884,933.0339,0.01,0.0,2021,7,8,5,0
"2021-07-08 06:00:00",13.0,"4720",12.42,16.89,3.08,0.946,213.0,286.38,284.7,92.1,13.77,12.83,11.96,10.95,92.2,85.0,0.0,0.0,0.0,0.0,93378.38,934.1077,933.4337,0.006,0.0,2021,7,8,6,0
"2021-07-08 07:00:00",14.0,"4720",12.4,17.09,3.58,0.934,228.8,286.09,284.7,86.3,13.8,12.69,11.86,11.34,92.9,86.3,0.0,"NAN","NAN","NAN",93441.02,934.7454,934.0593,-0.014,0.148,2021,7,8,7,0
"2021-07-08 08:00:00",15.0,"4720",12.46,24.3,3.93,1.256,219.6,288.45,285.23999999999995,75.32,16.65,13.68,12.71,11.38,86.4,73.89,0.0,267.3557,0.9624811,435.9,93507.45,935.4729,934.7167,0.123,0.855,2021,7,8,8,0
"2021-07-08 09:00:00",16.0,"4720",13.18,29.69,4.76,1.548,209.1,290.40999999999997,285.40999999999997,65.48,18.37,16.38,12.99,11.31,76.92,65.48,0.0,464.1018,1.670767,560.8,93563.95,935.7841,935.3942,0.258,1.591,2021,7,8,9,0
"2021-07-08 10:00:00",17.0,"4720",13.39,32.83,4.92,1.927,191.6,292.03,284.25,55.67,19.93,18.08,12.31,9.42,66.99,54.67,0.0,615.4366,2.215571,669.9,93574.01,935.8389,935.617,0.375,2.207,2021,7,8,10,0
"2021-07-08 11:00:00",18.0,"4720",13.89,34.89,5.53,1.893,177.4,293.34,283.83,52.59,21.11,19.53,12.17,8.93,59.04,48.48,0.0,677.7216,2.439797,1068.0,93570.37,935.8607,935.4941,0.438,2.624,2021,7,8,11,0
"2021-07-08 12:00:00",19.0,"4720",13.96,34.51,5.03,1.498,184.2,294.38,284.31,54.09,22.08,20.18,12.58,8.87,56.89,45.02,0.0,665.7349,2.396641,1031.0,93514.52,935.584,934.6729,0.444,2.8,2021,7,8,12,0
"2021-07-08 13:00:00",20.0,"4720",13.91,36.1,6.15,1.813,177.0,294.66999999999996,285.46,54.08,22.74,20.71,13.26,11.64,60.06,51.99,0.0,600.7585,2.162732,976.0,93434.45,934.7846,933.9224,0.411,2.721,2021,7,8,13,0
"2021-07-08 14:00:00",21.0,"4720",13.82,36.5,5.88,2.01,180.1,295.08,285.85999999999996,54.88,22.89,21.04,13.36,12.12,59.44,52.86,0.0,558.2793,2.009802,927.0,93364.07,934.0048,933.2511,0.386,2.408,2021,7,8,14,0
"2021-07-08 15:00:00",22.0,"4720",13.79,37.8,5.19,1.862,173.8,295.41999999999996,285.78999999999996,55.66,23.07,21.5,13.26,12.16,57.66,51.55,0.0,486.9025,1.752851,666.8,93307.93,933.3132,932.8107,0.333,1.885,2021,7,8,15,0
"2021-07-08 16:00:00",23.0,"4720",13.68,37.33,5.2,1.881,178.7,294.92999999999995,285.57,57.48,22.59,21.1,13.08,11.54,58.24,52.33,0.0,287.9764,1.036716,449.5,93281.70999999999,932.9089,932.7545,0.205,1.199,2021,7,8,16,0
"2021-07-08 17:00:00",24.0,"4720",13.49,34.43,4.76,1.71,186.3,294.27,285.51,62.55,22.14,19.52,13.2,11.88,62.64,54.35,0.0,"NAN","NAN","NAN",93295.72,933.143,932.8252,0.077,0.441,2021,7,8,17,0
"2021-07-08 18:00:00",25.0,"4720",12.79,30.49,4.91,1.377,192.6,291.34,285.25,72.7,19.65,16.83,12.45,11.87,72.75,62.55,0.0,3.253548,0.01171277,18.71,93320.33,933.2657,933.0936,0.005,0.015,2021,7,8,18,0
"2021-07-08 19:00:00",26.0,"4720",12.77,24.22,2.81,0.894,200.4,289.91999999999996,285.06,72.0,17.03,16.56,12.23,11.69,74.65,71.86,0.0,0.0,0.0,0.0,93333.95000000001,933.627,933.13,-0.009,0.0,2021,7,8,19,0
"2021-07-08 20:00:00",27.0,"4720",12.72,22.24,3.45,1.283,192.9,288.97999999999996,284.96999999999997,82.7,16.89,14.99,12.25,11.64,82.9,71.99,0.0,0.0,0.0,0.0,93385.55,934.2075,933.5769,-0.004,0.0,2021,7,8,20,0
"2021-07-08 21:00:00",28.0,"4720",12.68,20.77,3.64,1.003,195.9,288.01,285.21,82.7,15.16,14.66,12.32,11.92,84.1,82.6,0.0,0.0,0.0,0.0,93450.94,934.7174,934.1451,-0.012,0.0,2021,7,8,21,0
"2021-07-08 22:00:00",29.0,"4720",12.65,19.77,3.36,0.914,218.1,288.15999999999997,285.29999999999995,84.1,15.29,14.86,12.42,11.98,84.1,82.3,0.0,0.0,0.0,0.0,93481.04,934.9456,934.6923,-0.013,0.0,2021,7,8,22,0
"2021-07-08 23:00:00",30.0,"4720",12.62,19.39,2.99,0.731,216.2,287.88,285.52,86.6,15.03,14.6,12.73,12.16,87.1,84.0,0.0,0.0,0.0,0.0,93481.03,934.9153,934.6629,-0.016,0.0,2021,7,8,23,0
"2021-07-09 00:00:00",31.0,"4720",12.59,19.5,2.96,0.954,247.1,287.84,285.71,88.4,15.07,14.4,12.84,12.34,88.7,86.1,0.0,0.0,0.0,0.0,93452.92,934.7092,934.3889,-0.014,0.0,2021,7,9,0,0
"2021-07-09 01:00:00",32.0,"4720",12.58,19.08,2.55,0.868,244.2,287.59999999999997,285.79999999999995,89.0,14.77,14.27,13.0,12.38,89.5,87.7,0.0,0.0,0.0,0.0,93435.24,934.4434,934.2457,-0.016,0.0,2021,7,9,1,0
"2021-07-09 02:00:00",33.0,"4720",12.54,19.04,4.08,1.043,227.2,287.72999999999996,286.09999999999997,91.0,14.84,14.33,13.23,12.75,91.1,88.6,0.0,0.0,0.0,0.0,93413.9,934.2987,933.8855,-0.014,0.0,2021,7,9,2,0
"2021-07-09 03:00:00",34.0,"4720",12.53,18.89,2.57,0.736,214.5,287.41999999999996,286.0,90.8,14.53,14.14,13.26,12.62,92.0,90.5,0.0,0.0,0.0,0.0,93378.13,933.9242,933.6484,-0.018,0.0,2021,7,9,3,0
"2021-07-09 04:00:00",35.0,"4720",12.47,19.06,2.26,0.714,245.8,287.79999999999995,286.02,88.1,14.97,14.33,13.1,12.7,90.9,87.8,0.0,0.0,0.0,0.0,93373.39,933.7969,933.6405,-0.017,0.0,2021,7,9,4,0
"2021-07-09 05:00:00",36.0,"4720",12.41,19.32,2.61,1.258,271.5,287.85999999999996,285.87,89.0,15.22,14.33,13.14,12.41,89.1,86.8,0.0,0.0,0.0,0.0,93379.26999999999,933.9758,933.6591,-0.011,0.0,2021,7,9,5,0
"2021-07-09 06:00:00",37.0,"4720",12.37,19.07,2.34,0.786,237.9,287.56,285.9,89.7,14.86,14.2,13.24,12.42,90.9,88.6,0.0,0.0,0.0,0.0,93412.54000000001,934.4165,933.8844,-0.017,0.0,2021,7,9,6,0
"2021-07-09 07:00:00",38.0,"4720",12.35,19.95,2.29,0.71,167.9,287.87,286.25,89.4,15.34,14.46,13.66,12.79,90.9,89.3,0.0,33.91665,0.1221,87.9,93465.37,934.9855,934.3828,-0.014,0.148,2021,7,9,7,0
"2021-07-09 08:00:00",39.0,"4720",12.47,25.59,2.93,0.932,193.1,289.5,286.81,77.41,17.79,15.19,14.22,13.37,89.6,77.41,0.0,206.0922,0.741932,465.1,93520.78,935.4752,934.9181,0.096,0.851,2021,7,9,8,0
"2021-07-09 09:00:00",40.0,"4720",13.2,32.48,3.08,1.084,191.2,292.29999999999995,286.67999999999995,65.43,20.29,17.62,14.43,12.57,78.19,63.6,0.0,472.5104,1.701038,548.1,93563.52,935.8459,935.4232,0.276,1.586,2021,7,9,9,0
"2021-07-09 10:00:00",41.0,"4720",13.37,35.24,4.4,1.382,178.2,294.16999999999996,285.91999999999996,54.94,22.01,20.25,13.82,11.89,65.63,53.76,0.0,608.2097,2.189548,664.4,93584.28,935.9905,935.7457,0.387,2.197,2021,7,9,10,0
"2021-07-09 11:00:00",42.0,"4720",13.48,37.69,3.66,1.246,172.3,295.62,284.95,47.58,23.26,21.82,12.83,10.49,55.18,46.85,0.0,619.7263,2.23102,890.0,93562.15999999999,935.8577,935.242,0.422,2.618,2021,7,9,11,0
"2021-07-09 12:00:00",43.0,"4720",13.81,37.19,4.64,1.736,151.4,296.53999999999996,284.28999999999996,44.71,24.24,22.22,12.65,9.79,49.78,42.03,0.0,695.6832,2.504461,933.0,93479.38,935.338,934.3467,0.492,2.805,2021,7,9,12,0
"2021-07-09 13:00:00",44.0,"4720",13.77,39.22,5.54,1.433,172.0,297.16999999999996,283.35999999999996,41.45,25.42,23.2,11.89,9.54,46.78,38.13,0.0,563.6934,2.029301,897.0,93377.97,934.3841,933.1906,0.417,2.746,2021,7,9,13,0
"2021-07-09 14:00:00",45.0,"4720",13.83,38.88,5.31,1.719,164.9,297.40999999999997,282.63,38.2,25.24,23.13,10.54,8.83,43.41,36.11,0.0,549.6392,1.978699,814.0,93282.67,933.2222,932.556,0.412,2.442,2021,7,9,14,0
"2021-07-09 15:00:00",46.0,"4720",13.65,38.84,4.9,1.738,174.5,296.78999999999996,283.21,42.76,24.67,22.8,10.93,8.93,44.31,37.41,0.0,274.1021,0.9867668,747.1,93223.38,932.5816,932.0299,0.247,1.909,2021,7,9,15,0
"2021-07-09 16:00:00",47.0,"4720",13.53,34.06,6.5,1.875,172.3,295.87,283.67999999999995,48.35,23.78,21.95,11.04,9.72,48.59,42.68,0.0,151.811,0.5465198,452.3,93205.68,932.1813,931.9534,0.167,1.213,2021,7,9,16,0
"2021-07-09 17:00:00",48.0,"4720",13.2,31.26,4.54,1.725,178.4,294.92999999999995,283.84999999999997,51.93,22.78,20.9,11.04,10.42,52.27,46.59,0.0,71.18913,0.2562808,204.6,93218.19,932.2847,932.0889,0.09,0.448,2021,7,9,17,0
"2021-07-09 18:00:00",49.0,"4720",12.78,28.8,3.42,1.27,188.7,292.81,283.67999999999995,59.48,21.06,18.47,10.88,10.34,59.56,51.99,0.0,2.838135,0.0102173,16.73,93229.40999999999,932.4432,932.1551,0.027,0.015,2021,7,9,18,0
"2021-07-09 19:00:00",50.0,"4720",12.75,24.85,3.08,1.179,194.9,291.32,284.13,62.81,18.6,18.01,11.39,10.45,64.21,59.49,0.0,0.0,0.0,0.0,93249.23,932.704,932.3806,0.018,0.0,2021,7,9,19,0
"2021-07-09 20:00:00",51.0,"4720",12.72,23.12,3.76,1.152,196.0,290.91999999999996,283.66999999999996,61.56,18.18,17.61,11.02,10.13,63.5,61.37,0.0,0.0,0.0,0.0,93293.6,933.2717,932.6399,0.017,0.0,2021,7,9,20,0
"2021-07-09 21:00:00",52.0,"4720",12.67,22.25,3.64,1.019,202.5,290.57,284.09,69.97,17.85,17.22,12.26,10.18,71.59,61.43,0.0,0.0,0.0,0.0,93337.59,933.5537,933.2092,0.013,0.0,2021,7,9,21,0
"2021-07-09 22:00:00",53.0,"4720",12.66,21.83,4.03,1.029,198.0,290.09999999999997,285.13,73.56,17.5,16.37,12.41,11.64,74.06,69.64,0.0,0.0,0.0,0.0,93368.84999999999,933.7902,933.4833,0.009,0.0,2021,7,9,22,0
"2021-07-09 23:00:00",54.0,"4720",12.64,20.99,3.49,1.123,194.7,289.22999999999996,284.77,77.86,16.54,15.71,12.09,11.4,77.9,73.23,0.0,0.0,0.0,0.0,93362.75,933.7767,933.4294,0.008,0.0,2021,7,9,23,0
"2021-07-10 00:00:00",55.0,"4720",12.61,20.24,3.47,1.302,191.7,288.46,285.15999999999997,83.5,15.92,14.92,12.35,11.84,83.6,77.72,0.0,0.0,0.0,0.0,93337.54000000001,933.4672,933.2618,0.006,0.0,2021,7,10,0,0
"2021-07-10 01:00:00",56.0,"4720",12.59,19.47,3.23,1.161,192.8,287.92999999999995,285.39,85.8,15.09,14.6,12.48,12.13,85.9,83.4,0.0,0.0,0.0,0.0,93327.0,933.387,933.2031,0.002,0.0,2021,7,10,1,0
"2021-07-10 02:00:00",57.0,"4720",12.55,18.97,3.56,0.691,204.1,287.31,285.21,88.0,14.77,13.81,12.48,11.82,88.7,85.7,0.0,0.0,0.0,0.0,93299.90000000001,933.2574,932.7188,-0.003,0.0,2021,7,10,2,0
"2021-07-10 03:00:00",58.0,"4720",12.52,18.15,2.41,0.771,218.4,286.84999999999997,284.97999999999996,88.6,14.04,13.48,12.17,11.55,88.9,87.9,0.0,0.0,0.0,0.0,93259.61,932.7695,932.5137,-0.003,0.0,2021,7,10,3,0
"2021-07-10 04:00:00",59.0,"4720",12.47,17.76,2.98,0.768,211.4,286.19,284.65999999999997,91.8,13.6,12.76,11.94,11.15,92.3,88.5,0.0,0.0,0.0,0.0,93269.6,932.8275,932.5433,-0.004,0.0,2021,7,10,4,0
"2021-07-10 05:00:00",60.0,"4720",12.42,17.41,3.36,1.171,258.9,286.04999999999995,284.59999999999997,89.5,13.25,12.63,11.85,10.95,92.0,89.2,0.0,0.0,0.0,0.0,93293.95,933.0956,932.7705,-0.002,0.0,2021,7,10,5,0
"2021-07-10 06:00:00",61.0,"4720",12.35,17.33,3.2,0.576,227.8,285.14,283.63,91.7,12.83,11.31,11.22,9.91,92.4,89.0,0.0,0.0,0.0,0.0,93330.79000000001,933.5452,933.0455,-0.005,0.0,2021,7,10,6,0
"2021-07-10 07:00:00",62.0,"4720",12.34,16.42,2.31,0.657,306.0,284.97999999999996,283.45,81.7,13.77,11.05,10.88,9.82,93.2,81.7,0.0,31.074,0.1118664,154.9,93361.43,933.8104,933.4785,-0.011,0.149,2021,7,10,7,0
"2021-07-10 08:00:00",63.0,"4720",12.38,25.35,2.76,1.348,287.3,288.98999999999995,284.12,64.29,17.87,13.61,11.64,10.5,81.7,64.25,0.0,264.9837,0.9539399,369.9,93406.36,934.4413,933.7851,0.129,0.862,2021,7,10,8,0
"2021-07-10 09:00:00",64.0,"4720",13.14,33.3,2.6,0.763,258.6,292.79999999999995,283.94,48.76,21.34,17.62,11.75,9.8,65.33,48.55,0.0,461.3517,1.660866,546.7,93480.64,934.9584,934.3997,0.271,1.605,2021,7,10,9,0
"2021-07-10 10:00:00",65.0,"4720",13.35,35.24,4.24,1.474,184.7,294.72999999999996,282.98999999999995,44.76,22.35,20.91,10.51,9.34,50.23,44.7,0.0,599.5523,2.158388,649.0,93494.09000000001,935.0229,934.8286,0.397,2.225,2021,7,10,10,0
"2021-07-10 11:00:00",66.0,"4720",13.98,37.56,4.67,1.414,189.9,296.27,283.33,42.18,24.29,22.08,11.11,9.45,46.36,40.86,0.0,681.9662,2.455076,713.8,93470.6,934.9423,934.3871,0.471,2.638,2021,7,10,11,0
"2021-07-10 12:00:00",67.0,"4720",14.13,37.6,5.65,1.695,180.7,297.59,283.52,37.48,25.68,23.53,11.15,9.58,44.15,36.57,0.0,716.6931,2.580091,731.9,93392.11,934.4385,933.3632,0.517,2.818,2021,7,10,12,0
"2021-07-10 13:00:00",68.0,"4720",13.74,38.97,6.35,2.277,170.2,298.33,283.2,39.03,26.15,24.19,11.23,9.09,41.13,36.5,0.0,657.0338,2.365314,861.0,93300.51999999999,933.4814,932.5824,0.506,2.754,2021,7,10,13,0
"2021-07-10 14:00:00",69.0,"4720",13.8,39.61,6.28,2.13,175.0,298.07,283.65,43.27,25.82,23.66,11.57,9.48,43.58,37.93,0.0,507.9976,1.828792,799.7,93236.6,932.6772,932.0823,0.407,2.439,2021,7,10,14,0
"2021-07-10 15:00:00",70.0,"4720",13.76,37.26,6.86,2.153,176.5,297.27,283.87,45.03,25.01,23.65,11.63,10.26,45.84,40.86,0.0,290.4135,1.045487,636.9,93181.46,932.1052,931.5133,0.27,1.911,2021,7,10,15,0
"2021-07-10 16:00:00",71.0,"4720",13.53,35.62,7.11,2.695,173.7,296.83,284.58,46.99,24.86,22.67,12.1,10.98,48.43,44.06,0.0,258.9805,0.9323304,424.9,93169.19,931.8976,931.5063,0.24,1.215,2021,7,10,16,0
"2021-07-10 17:00:00",72.0,"4720",12.97,35.36,7.33,2.801,173.6,295.28999999999996,284.71999999999997,53.5,23.41,21.09,12.14,11.25,53.94,46.98,0.0,83.71063,0.3013578,245.9,93181.24,931.9795,931.6289,0.124,0.451,2021,7,10,17,0
"2021-07-10 18:00:00",73.0,"4720",12.79,29.6,5.66,1.926,183.1,293.52,284.58,60.05,21.22,19.58,11.8,11.19,60.05,53.11,0.0,3.016247,0.0108585,16.54,93215.37,932.3364,931.9182,0.039,0.016,2021,7,10,18,0
"2021-07-10 19:00:00",74.0,"4720",12.75,26.06,4.18,1.173,203.0,291.96999999999997,284.79999999999995,66.39,19.75,18.14,11.96,11.5,66.39,59.88,0.0,0.0,0.0,0.0,93251.44,932.9014,932.2927,0.017,0.0,2021,7,10,19,0
"2021-07-10 20:00:00",75.0,"4720",12.72,23.88,4.05,1.331,200.3,291.06,285.26,71.32,18.31,17.55,12.55,11.76,71.45,66.26,0.0,0.0,0.0,0.0,93311.45,933.3144,932.8789,0.015,0.0,2021,7,10,20,0
"2021-07-10 21:00:00",76.0,"4720",12.69,22.91,5.89,2.182,191.3,290.38,285.60999999999996,76.14,17.76,16.76,12.7,12.31,76.14,71.15,0.0,0.0,0.0,0.0,93354.15000000001,933.849,933.2583,0.021,0.0,2021,7,10,21,0
"2021-07-10 22:00:00",77.0,"4720",12.65,22.2,4.99,1.897,192.7,289.40999999999997,285.71,81.2,16.9,15.84,12.87,12.41,81.4,75.97,0.0,0.0,0.0,0.0,93405.24,934.2943,933.7969,0.012,0.0,2021,7,10,22,0
"2021-07-10 23:00:00",78.0,"4720",12.63,21.13,5.07,1.863,192.5,288.65,286.09,87.4,16.01,15.25,13.41,12.57,87.6,81.2,0.0,0.0,0.0,0.0,93420.17,934.2856,934.0757,0.006,0.0,2021,7,10,23,0
"2021-07-11 00:00:00",79.0,"4720",12.61,20.55,5.19,1.953,191.0,288.38,286.42999999999995,88.4,15.43,15.06,13.54,13.15,88.6,87.4,0.0,0.0,0.0,0.0,93407.93,934.2042,933.9614,0.004,0.0,2021,7,11,0,0
"2021-07-11 01:00:00",80.0,"4720",12.57,20.43,4.7,1.65,191.9,287.92999999999995,286.28999999999996,91.3,15.23,14.46,13.37,12.97,91.4,88.3,0.0,0.0,0.0,0.0,93396.29,934.1232,933.7336,0.001,0.0,2021,7,11,1,0
"2021-07-11 02:00:00",81.0,"4720",12.54,19.75,4.91,1.851,192.6,287.75,286.47999999999996,91.9,14.9,14.46,13.7,13.05,92.8,91.2,0.0,0.0,0.0,0.0,93346.69,933.7582,933.2183,0.0,0.0,2021,7,11,2,0
"2021-07-11 03:00:00",82.0,"4720",12.52,19.71,4.42,1.78,195.5,287.56,286.39,93.4,14.76,14.2,13.5,13.08,93.5,91.9,0.0,0.0,0.0,0.0,93334.45,933.469,933.2314,-0.001,0.0,2021,7,11,3,0
"2021-07-11 04:00:00",83.0,"4720",12.49,19.46,4.55,1.644,194.8,287.35999999999996,286.23999999999995,92.5,14.44,14.14,13.42,12.99,93.7,92.4,0.0,0.0,0.0,0.0,93317.25,933.3395,933.0075,-0.002,0.0,2021,7,11,4,0
"2021-07-11 05:00:00",84.0,"4720",12.44,19.15,3.59,1.269,201.3,287.34999999999997,285.87,88.5,14.44,14.07,13.17,12.31,92.6,88.4,0.0,0.0,0.0,0.0,93315.45999999999,933.2939,933.0464,-0.002,0.0,2021,7,11,5,0
"2021-07-11 06:00:00",85.0,"4720",12.38,18.87,3.31,1.064,204.2,287.37,285.45,87.8,14.5,14.0,12.62,11.95,88.8,87.4,0.0,0.0,0.0,0.0,93342.93000000001,933.7782,933.2024,-0.002,0.0,2021,7,11,6,0
"2021-07-11 07:00:00",86.0,"4720",12.35,18.87,2.78,0.937,233.5,287.59999999999997,285.38,81.0,15.66,14.0,12.57,12.0,88.3,81.0,0.0,"NAN","NAN","NAN",93368.12999999999,933.8256,933.5406,-0.003,0.149,2021,7,11,7,0
"2021-07-11 08:00:00",87.0,"4720",12.38,27.25,3.37,1.25,196.9,290.54999999999995,285.40999999999997,62.68,18.93,15.58,12.8,11.46,81.1,62.55,0.0,271.7594,0.9783329,382.8,93401.26000000001,934.2888,933.7861,0.139,0.859,2021,7,11,8,0
"2021-07-11 09:00:00",88.0,"4720",12.99,31.06,5.34,1.854,186.3,292.79999999999995,283.71,46.13,21.11,18.74,11.89,8.95,63.4,46.13,0.0,418.1765,1.505436,541.9,93456.08,934.7609,934.2277,0.268,1.61,2021,7,11,9,0
"2021-07-11 10:00:00",89.0,"4720",13.34,34.33,5.82,2.266,187.9,294.95,282.84999999999997,46.8,22.88,20.84,11.16,8.35,48.95,42.55,0.0,600.5544,2.161998,677.1,93464.59,934.8596,934.4344,0.416,2.23,2021,7,11,10,0
"2021-07-11 11:00:00",90.0,"4720",13.96,35.89,8.3,2.892,182.8,296.12,282.09,37.34,24.25,22.09,10.93,7.588,47.94,35.38,0.0,694.7286,2.501028,759.8,93440.91,934.5886,934.0428,0.51,2.654,2021,7,11,11,0
"2021-07-11 12:00:00",91.0,"4720",14.01,36.2,7.96,3.173,180.9,297.19,282.59,41.12,25.02,23.39,10.53,8.31,41.6,37.21,0.0,743.4714,2.676498,909.0,93399.95,934.3664,933.642,0.561,2.833,2021,7,11,12,0
"2021-07-11 13:00:00",92.0,"4720",14.23,37.84,7.25,3.036,177.3,297.83,283.45,42.18,25.23,24.25,11.08,9.55,42.68,37.87,0.0,719.1973,2.589111,769.5,93324.72,933.7241,932.7947,0.549,2.758,2021,7,11,13,0
"2021-07-11 14:00:00",93.0,"4720",13.74,38.51,8.15,2.678,179.9,297.83,284.15999999999997,43.28,25.41,23.79,11.59,10.48,44.08,40.8,0.0,530.6726,1.910421,689.5,93267.37000000001,932.9398,932.3849,0.429,2.442,2021,7,11,14,0
"2021-07-11 15:00:00",94.0,"4720",13.68,36.75,6.79,2.624,183.0,296.94,284.46,44.65,24.75,23.06,12.07,10.64,47.76,43.28,0.0,287.915,1.036494,609.7,93234.39,932.6537,932.1201,0.278,1.913,2021,7,11,15,0
"2021-07-11 16:00:00",95.0,"4720",13.44,35.74,7.43,2.697,179.5,296.39,284.54999999999995,50.05,24.83,22.47,11.99,10.88,50.41,44.05,0.0,117.8909,0.4244074,428.3,93223.69,932.3757,932.0499,0.182,1.221,2021,7,11,16,0
"2021-07-11 17:00:00",96.0,"4720",13.1,32.16,5.98,2.478,180.1,295.46,285.14,54.61,23.5,21.36,12.54,11.67,54.72,49.46,0.0,"NAN","NAN","NAN",93224.82,932.3696,932.1335,0.114,0.455,2021,7,11,17,0
"2021-07-11 18:00:00",97.0,"4720",12.76,29.05,6.11,1.832,190.7,293.58,285.84999999999997,65.95,21.52,19.39,13.09,11.83,66.1,54.6,0.0,3.067652,0.01104354,17.23,93248.8,932.7021,932.2483,0.033,0.017,2021,7,11,18,0
"2021-07-11 19:00:00",98.0,"4720",12.76,25.91,3.43,1.138,202.0,291.97999999999996,286.04999999999995,70.44,19.51,18.4,13.14,12.79,70.56,65.94,0.0,0.0,0.0,0.0,93282.8,933.0264,932.6559,0.013,0.0,2021,7,11,19,0
"2021-07-11 20:00:00",99.0,"4720",12.73,24.06,3.22,1.226,196.3,291.32,286.21,74.21,18.64,17.68,13.28,12.92,74.27,70.17,0.0,0.0,0.0,0.0,93332.97,933.6321,932.9783,0.012,0.0,2021,7,11,20,0
"2021-07-11 21:00:00",100.0,"4720",12.69,23.02,3.34,1.152,194.6,290.60999999999996,286.32,77.47,17.83,17.09,13.43,13.0,77.62,74.15,0.0,0.0,0.0,0.0,93382.75,934.0764,933.5828,0.008,0.0,2021,7,11,21,0
"2021-07-11 22:00:00",101.0,"4720",12.67,22.14,3.61,1.518,190.8,289.96999999999997,286.54999999999995,83.5,17.26,16.37,13.81,13.12,83.7,77.41,0.0,0.0,0.0,0.0,93400.65,934.1208,933.847,0.008,0.0,2021,7,11,22,0
"2021-07-11 23:00:00",102.0,"4720",12.64,21.49,3.58,1.482,192.4,289.27,286.96999999999997,88.5,16.54,15.84,14.17,13.59,88.6,83.5,0.0,0.0,0.0,0.0,93395.19,934.2191,933.8154,0.003,0.0,2021,7,11,23,0
"2021-07-12 00:00:00",103.0,"4720",12.61,20.73,3.64,1.224,197.0,288.84,287.2,91.4,16.01,15.51,14.36,13.88,91.6,88.4,0.0,0.0,0.0,0.0,93414.75,934.2717,934.0305,-0.001,0.0,2021,7,12,0,0
"2021-07-12 01:00:00",104.0,"4720",12.57,21.29,5.22,1.588,193.7,288.95,287.56,91.5,16.02,15.58,14.63,14.19,91.7,91.1,0.0,0.0,0.0,0.0,93399.51,934.1727,933.7819,0.0,0.0,2021,7,12,1,0
"2021-07-12 02:00:00",105.0,"4720",12.56,21.63,4.14,1.285,193.4,288.91999999999996,287.59,91.9,15.95,15.65,14.65,14.3,92.0,91.4,0.0,0.0,0.0,0.0,93359.26,933.8317,933.2979,-0.002,0.0,2021,7,12,2,0
"2021-07-12 03:00:00",106.0,"4720",12.54,21.76,5.3,1.744,185.3,288.58,287.38,93.2,15.82,15.19,14.54,14.04,93.3,91.7,0.0,4.450544e-05,1.602196e-07,0.027,93310.78,933.3766,932.9875,-0.001,0.0,2021,7,12,3,0
"2021-07-12 04:00:00",107.0,"4720",12.5,21.46,4.92,1.729,185.6,288.52,287.29999999999995,89.6,15.89,15.12,14.38,13.95,93.8,89.5,0.0,1.893848e-06,6.817853e-09,0.007,93300.29,933.1155,932.8953,-0.001,0.0,2021,7,12,4,0
"2021-07-12 05:00:00",108.0,"4720",12.46,21.64,3.45,1.19,198.6,288.76,286.96,88.9,15.92,15.39,14.15,13.56,89.9,88.2,0.0,0.0,0.0,0.0,93299.15999999999,933.1042,932.8375,-0.001,0.0,2021,7,12,5,0
"2021-07-12 06:00:00",109.0,"4720",12.39,21.3,2.98,0.958,211.1,288.21999999999997,286.53,90.6,15.59,14.79,13.78,13.14,90.7,88.6,0.0,0.0003437334,1.23744e-06,0.194,93303.08,933.4149,932.7927,-0.003,0.0,2021,7,12,6,0
"2021-07-12 07:00:00",110.0,"4720",12.37,20.1,3.81,0.912,206.2,288.03,286.47999999999996,88.5,15.63,14.73,13.82,13.2,90.9,88.5,0.0,29.18727,0.1050742,163.9,93354.88,933.7539,933.347,-0.007,0.15,2021,7,12,7,0
"2021-07-12 08:00:00",111.0,"4720",12.41,28.05,3.26,1.055,211.0,290.72999999999996,286.79999999999995,71.11,18.8,15.58,14.04,13.17,88.7,70.83,0.0,263.3153,0.9479361,378.1,93389.58,934.1477,933.7117,0.13,0.857,2021,7,12,8,0
"2021-07-12 09:00:00",112.0,"4720",12.96,32.18,4.23,1.363,176.7,292.65,286.19,63.86,20.36,18.41,13.9,12.19,71.3,62.43,0.0,407.4875,1.466956,712.8,93425.71,934.46,934.0664,0.247,1.598,2021,7,12,9,0
"2021-07-12 10:00:00",113.0,"4720",13.18,32.22,3.53,1.033,178.0,293.84999999999997,286.14,55.47,22.6,19.72,13.68,12.46,64.56,55.13,0.0,354.4324,1.275958,882.0,93441.58,934.5151,934.318,0.245,2.208,2021,7,12,10,0
"2021-07-12 11:00:00",114.0,"4720",13.29,34.51,3.06,0.911,200.4,295.52,285.26,50.83,23.24,21.95,13.89,11.45,56.64,50.37,0.0,391.5405,1.409546,885.0,93418.04,934.3695,933.8867,0.286,2.631,2021,7,12,11,0
"2021-07-12 12:00:00",115.0,"4720",13.5,35.84,3.25,1.109,167.2,296.65,285.45,45.56,24.84,22.48,13.23,11.75,52.17,44.84,0.0,523.3912,1.884207,1038.0,93348.49,933.913,933.052,0.378,2.812,2021,7,12,12,0
"2021-07-12 13:00:00",116.0,"4720",13.79,38.47,6.93,1.385,172.0,297.79999999999995,285.53,52.92,25.73,23.2,13.54,11.57,52.97,42.37,0.0,452.9208,1.630515,1045.0,93251.51,933.0997,931.9966,0.353,2.745,2021,7,12,13,0
"2021-07-12 14:00:00",117.0,"4720",13.64,36.23,4.79,1.857,180.7,296.26,286.19,50.75,24.16,22.54,13.53,12.74,55.32,50.06,0.0,316.1833,1.13826,792.5,93172.63,932.2579,931.281,0.266,2.431,2021,7,12,14,0
"2021-07-12 15:00:00",118.0,"4720",13.28,36.24,4.97,1.927,182.6,296.38,286.14,58.78,24.76,21.88,13.62,12.47,58.83,48.29,0.0,220.0356,0.7921275,795.1,93097.36,931.3301,930.6707,0.21,1.908,2021,7,12,15,0
"2021-07-12 16:00:00",119.0,"4720",12.88,31.65,5.58,1.93,181.5,294.62,286.44,58.47,22.03,21.29,13.8,12.89,60.94,58.39,0.0,58.07754,0.2090795,89.8,93078.06,930.9015,930.6243,0.101,1.217,2021,7,12,16,0
"2021-07-12 17:00:00",120.0,"4720",12.95,29.65,4.16,1.344,182.9,294.7,286.21,61.0,22.2,20.84,13.42,12.74,61.12,56.5,0.0,70.70249,0.2545287,181.8,93074.01999999999,930.8771,930.5684,0.069,0.458,2021,7,12,17,0
"2021-07-12 18:00:00",121.0,"4720",12.76,28.64,2.27,0.762,194.2,292.79999999999995,286.17999999999995,71.06,21.01,18.53,13.38,12.88,71.19,60.99,0.0,2.531065,0.009111854,19.62,93065.45999999999,930.7653,930.5858,0.013,0.017,2021,7,12,18,0
"2021-07-12 19:00:00",122.0,"4720",12.73,24.71,3.23,1.207,191.5,292.01,287.09999999999997,74.81,19.16,18.53,14.5,13.18,75.03,70.96,0.0,0.0,0.0,0.0,93098.98,931.4202,930.655,0.015,0.0,2021,7,12,19,0
"2021-07-12 20:00:00",123.0,"4720",12.7,24.75,4.31,1.403,190.0,291.71,287.59,78.72,18.99,18.21,14.65,14.26,78.89,74.74,0.0,0.0,0.0,0.0,93157.77,931.8347,931.3071,0.015,0.0,2021,7,12,20,0
"2021-07-12 21:00:00",124.0,"4720",12.69,23.98,3.45,1.003,197.5,291.2,287.65999999999997,79.76,18.35,17.88,14.74,14.4,80.6,78.78,0.0,0.0,0.0,0.0,93187.09999999999,931.9408,931.7624,0.008,0.0,2021,7,12,21,0
"2021-07-12 22:00:00",125.0,"4720",12.66,23.53,2.73,0.813,233.8,291.04999999999995,287.71,82.0,18.25,17.61,14.77,14.42,82.2,79.69,0.0,0.0,0.0,0.0,93181.34999999999,931.9515,931.5939,0.005,0.0,2021,7,12,22,0
"2021-07-12 23:00:00",126.0,"4720",12.64,23.0,2.61,0.987,267.1,290.62,287.69,84.1,17.92,17.15,14.78,14.35,84.4,81.7,0.0,0.0,0.0,0.0,93154.4,931.6997,931.4303,0.006,0.0,2021,7,12,23,0
"2021-07-13 00:00:00",127.0,"4720",12.6,22.23,3.01,1.248,299.3,290.0,287.45,85.4,17.39,16.69,14.69,14.14,85.7,83.6,0.0,0.0,0.0,0.0,93124.51999999999,931.4741,931.0291,0.006,0.0,2021,7,13,0,0
"2021-07-13 01:00:00",128.0,"4720",12.58,21.9,2.51,0.786,315.5,289.33,287.09,88.3,16.87,15.45,14.42,13.52,88.6,85.2,0.0,0.0,0.0,0.0,93082.03,931.1066,930.4282,0.002,0.0,2021,7,13,1,0
"2021-07-13 02:00:00",129.0,"4720",12.54,20.69,3.74,0.733,353.1,288.81,286.65,84.2,16.47,15.25,13.9,13.19,88.7,84.2,0.0,0.0,0.0,0.0,93016.54,930.448,929.9969,0.001,0.0,2021,7,13,2,0
"2021-07-13 03:00:00",130.0,"4720",12.51,20.64,3.63,1.177,9.39,289.28999999999996,286.77,85.6,16.49,15.97,13.9,13.46,85.8,84.0,0.0,0.0,0.0,0.0,92970.73000000001,930.0525,929.5447,0.006,0.0,2021,7,13,3,0
"2021-07-13 04:00:00",131.0,"4720",12.48,20.63,2.79,0.776,8.49,289.15,286.95,87.8,16.28,15.84,14.06,13.63,88.0,85.6,0.0,0.0,0.0,0.0,92952.37,929.6462,929.4907,0.001,0.0,2021,7,13,4,0
"2021-07-13 05:00:00",132.0,"4720",12.44,20.28,3.42,0.813,4.229,289.07,287.09,88.7,16.27,15.71,14.28,13.61,89.2,86.8,0.0,0.0,0.0,0.0,92968.68,929.8719,929.599,0.001,0.0,2021,7,13,5,0
"2021-07-13 06:00:00",133.0,"4720",12.37,20.06,1.74,0.581,320.8,288.92999999999995,287.12,88.9,16.08,15.52,14.28,13.65,89.8,88.2,0.0,0.0,0.0,0.0,93006.41,930.2948,929.832,-0.001,0.0,2021,7,13,6,0
"2021-07-13 07:00:00",134.0,"4720",12.35,20.26,2.42,0.572,348.0,288.79999999999995,287.14,87.3,17.05,15.12,14.93,13.42,91.2,87.2,0.0,28.91051,0.1040779,151.0,93054.44,930.7924,930.2562,-0.008,0.15,2021,7,13,7,0
"2021-07-13 08:00:00",135.0,"4720",12.37,28.27,3.6,1.281,18.63,292.17999999999995,287.90999999999997,68.36,20.51,16.89,15.25,14.27,87.2,68.16,0.0,262.5876,0.9453152,368.7,93097.23,931.3096,930.6906,0.137,0.855,2021,7,13,8,0
"2021-07-13 09:00:00",136.0,"4720",13.03,32.08,3.84,1.411,33.5,294.5,287.46999999999997,60.15,22.66,20.38,14.87,14.03,69.13,59.31,0.0,383.2036,1.379532,691.9,93146.55,931.7019,931.2773,0.248,1.594,2021,7,13,9,0
"2021-07-13 10:00:00",137.0,"4720",13.17,35.99,5.71,1.93,50.42,296.67999999999995,287.56,54.1,24.47,22.08,15.07,13.82,61.24,52.99,0.0,603.6411,2.173108,742.2,93158.69,931.6975,931.3978,0.415,2.201,2021,7,13,10,0
"2021-07-13 11:00:00",138.0,"4720",13.64,38.34,5.82,1.863,68.26,298.47999999999996,287.12,47.84,26.26,23.79,14.45,13.38,54.88,45.82,0.0,652.9131,2.350486,765.9,93100.16,931.436,930.7451,0.479,2.619,2021,7,13,11,0
"2021-07-13 12:00:00",139.0,"4720",13.57,39.0,6.16,1.948,51.68,299.27,286.88,45.85,26.85,24.97,14.65,12.89,50.63,43.8,0.0,640.0281,2.304101,826.0,93045.56999999999,930.8513,929.9119,0.489,2.804,2021,7,13,12,0
"2021-07-13 13:00:00",140.0,"4720",13.76,40.57,6.18,2.061,62.4,300.10999999999996,286.60999999999996,45.57,27.63,25.76,14.11,12.57,46.07,40.81,0.0,643.9164,2.318099,825.0,92959.73,930.0267,929.0695,0.504,2.742,2021,7,13,13,0
"2021-07-13 14:00:00",141.0,"4720",13.8,39.75,6.16,1.951,54.24,299.41999999999996,286.54999999999995,44.26,27.5,25.43,14.24,12.78,47.84,41.85,0.0,477.531,1.719113,796.7,92879.3,929.1069,928.4402,0.389,2.435,2021,7,13,14,0
"2021-07-13 15:00:00",142.0,"4720",13.82,39.97,5.7,1.992,27.5,298.92999999999995,287.10999999999996,48.05,26.82,24.9,14.97,13.0,52.12,43.22,0.0,389.638,1.402698,700.2,92829.5,928.5339,928.1178,0.319,1.907,2021,7,13,15,0
"2021-07-13 16:00:00",143.0,"4720",13.59,37.74,4.5,1.405,179.7,297.14,286.47999999999996,54.87,26.26,22.47,13.82,12.63,56.13,43.22,0.0,225.6789,0.8124436,465.5,92842.66,928.6299,928.2523,0.181,1.223,2021,7,13,16,0
"2021-07-13 17:00:00",144.0,"4720",12.83,34.79,4.56,1.559,181.8,295.73999999999995,286.77,62.17,23.71,21.03,14.19,13.3,62.17,53.64,0.0,120.5598,0.4340148,303.8,92892.96,929.1904,928.5394,0.08,0.461,2021,7,13,17,0
"2021-07-13 18:00:00",145.0,"4720",12.8,30.76,2.02,0.737,185.0,293.45,286.78,66.99,21.2,19.78,13.91,13.48,67.2,62.04,0.0,3.105451,0.01117961,17.61,92915.39,929.2517,929.0557,0.001,0.018,2021,7,13,18,0
"2021-07-13 19:00:00",146.0,"4720",12.75,26.87,5.36,1.284,263.4,292.92999999999995,286.42999999999995,76.96,20.8,18.54,14.65,12.54,77.07,60.07,0.0,0.0,0.0,0.0,92980.93000000001,930.2705,929.162,0.011,0.0,2021,7,13,19,0
"2021-07-13 20:00:00",147.0,"4720",12.71,25.9,4.27,1.267,290.6,290.53,288.2,88.7,18.71,16.96,15.57,14.38,89.8,76.96,0.0,0.0,0.0,0.0,93016.38,930.3116,930.0561,-0.004,0.0,2021,7,13,20,0
"2021-07-13 21:00:00",148.0,"4720",12.67,23.13,4.15,1.746,282.7,290.07,287.46,81.1,17.46,16.7,15.34,13.91,88.9,80.8,0.0,0.2412346,0.0008684453,0.883,93036.01999999999,930.6149,930.1306,0.001,0.0,2021,7,13,21,0
"2021-07-13 22:00:00",149.0,"4720",12.65,22.77,2.87,0.819,10.46,290.02,287.31,88.7,17.46,16.43,14.69,13.9,88.7,80.5,0.0,0.0,0.0,0.0,93089.38,931.2355,930.5724,-0.008,0.0,2021,7,13,22,0
"2021-07-13 23:00:00",150.0,"4720",12.62,22.06,2.12,0.677,315.8,289.66999999999996,287.37,84.1,16.99,16.3,14.79,13.91,89.1,83.4,0.0,0.0,0.0,0.0,93099.76000000001,931.2443,930.7681,-0.01,0.0,2021,7,13,23,0
"2021-07-14 00:00:00",151.0,"4720",12.6,21.88,1.92,0.717,315.8,289.78999999999996,286.96999999999997,84.8,16.93,16.3,14.27,13.6,85.2,82.2,0.0,0.0,0.0,0.0,93071.57999999999,930.9167,930.4059,-0.009,0.0,2021,7,14,0,0
"2021-07-14 01:00:00",152.0,"4720",12.57,21.5,1.58,0.458,312.5,289.22999999999996,286.63,84.0,16.47,15.78,13.98,13.09,85.9,82.4,0.0,0.0,0.0,0.0,93027.62,930.4343,930.1396,-0.013,0.0,2021,7,14,1,0
"2021-07-14 02:00:00",153.0,"4720",12.54,20.36,1.6,0.406,316.8,288.53,286.03999999999996,84.3,15.96,15.12,13.29,12.56,86.3,83.3,0.0,0.0,0.0,0.0,93006.62,930.2835,929.8783,-0.014,0.0,2021,7,14,2,0
"2021-07-14 03:00:00",154.0,"4720",12.52,20.01,3.71,1.106,17.84,288.75,286.09999999999997,85.6,15.98,15.19,13.4,12.53,85.7,82.9,0.0,0.0,0.0,0.0,92993.16,930.0115,929.838,-0.005,0.0,2021,7,14,3,0
"2021-07-14 04:00:00",155.0,"4720",12.48,20.13,3.58,1.085,5.59,288.82,286.39,84.3,16.08,15.51,13.52,13.12,85.9,84.2,0.0,0.0,0.0,0.0,93008.92,930.2717,929.8499,-0.006,0.0,2021,7,14,4,0
"2021-07-14 05:00:00",156.0,"4720",12.44,20.3,3.96,1.179,8.89,289.06,286.31,83.5,16.21,15.84,13.45,13.04,84.4,83.2,0.0,0.0,0.0,0.0,93036.69,930.502,930.2263,-0.004,0.0,2021,7,14,5,0
"2021-07-14 06:00:00",157.0,"4720",12.39,20.16,3.72,1.078,357.9,288.94,286.17999999999995,84.2,16.02,15.71,13.27,12.91,84.4,83.1,0.0,0.0,0.0,0.0,93071.62,931.0311,930.4564,-0.005,0.0,2021,7,14,6,0
"2021-07-14 07:00:00",158.0,"4720",12.38,20.85,4.07,1.056,3.666,289.25,286.35999999999996,81.0,17.08,15.58,13.89,12.95,84.7,80.9,0.0,"NAN","NAN","NAN",93116.03,931.4835,930.9176,0.001,0.151,2021,7,14,7,0
"2021-07-14 08:00:00",159.0,"4720",12.4,27.96,4.63,1.482,19.68,291.85999999999996,287.31,71.03,20.1,16.96,14.9,13.68,81.2,70.9,0.0,260.5036,0.937812,369.5,93185.25,932.2495,931.4645,0.138,0.86,2021,7,14,8,0
"2021-07-14 09:00:00",160.0,"4720",13.1,32.67,5.66,1.751,33.0,294.35999999999996,288.09999999999997,62.89,22.43,19.92,15.52,14.49,72.05,62.5,0.0,469.1063,1.688781,562.6,93246.79,932.6506,932.1881,0.294,1.593,2021,7,14,9,0
"2021-07-14 10:00:00",161.0,"4720",13.33,35.77,5.24,1.788,40.62,296.59999999999997,288.42999999999995,58.6,24.45,22.21,15.88,14.81,64.35,56.83,0.0,630.7828,2.270819,694.6,93272.91,932.8792,932.5521,0.426,2.199,2021,7,14,10,0
"2021-07-14 11:00:00",162.0,"4720",13.99,38.09,5.47,1.803,52.06,298.25,288.44,52.58,25.9,23.98,15.93,14.87,58.78,51.88,0.0,741.4143,2.66909,777.0,93255.75,932.8016,932.2978,0.523,2.613,2021,7,14,11,0
"2021-07-14 12:00:00",163.0,"4720",13.61,38.28,4.63,1.401,61.34,299.09,288.12,48.17,27.01,25.36,15.82,14.16,53.8,46.87,0.0,578.8395,2.083822,929.0,93193.47,932.4052,931.4208,0.434,2.799,2021,7,14,12,0
"2021-07-14 13:00:00",164.0,"4720",13.58,40.36,3.47,1.148,131.1,299.89,287.19,42.13,28.17,25.49,15.2,12.94,49.55,41.79,0.0,530.1122,1.908403,891.0,93088.9,931.4594,930.3389,0.407,2.743,2021,7,14,13,0
"2021-07-14 14:00:00",165.0,"4720",13.72,43.34,6.08,1.511,166.8,301.31,286.23999999999995,39.64,28.96,27.2,14.29,12.23,42.33,37.03,0.0,641.8115,2.310519,836.0,93004.74,930.3873,929.7336,0.489,2.445,2021,7,14,14,0
"2021-07-14 15:00:00",166.0,"4720",13.21,43.33,6.56,2.199,150.9,299.22999999999996,285.81,45.17,28.5,25.29,13.9,11.62,45.34,39.64,0.0,129.9269,0.4677374,741.2,92990.08,929.9919,929.7094,0.2,1.924,2021,7,14,15,0
"2021-07-14 16:00:00",167.0,"4720",12.86,34.19,4.45,1.371,93.0,297.17999999999995,287.35999999999996,53.57,25.5,23.32,14.94,12.67,55.98,45.23,0.0,74.35392,0.2676742,134.8,93013.06,930.2511,929.879,0.108,1.225,2021,7,14,16,0
"2021-07-14 17:00:00",168.0,"4720",12.79,31.14,3.37,0.713,94.7,296.59999999999997,286.76,55.59,23.76,23.26,14.26,13.08,56.06,52.07,0.0,26.93769,0.0969758,57.98,93062.18000000001,931.0173,930.126,0.05,0.466,2021,7,14,17,0
"2021-07-14 18:00:00",169.0,"4720",12.76,30.03,2.56,0.563,161.6,295.39,286.26,60.28,23.39,21.22,14.26,12.68,60.49,52.65,0.0,2.091227,0.00752841,10.58,93118.59,931.295,930.9856,0.021,0.019,2021,7,14,18,0
"2021-07-14 19:00:00",170.0,"4720",12.71,27.37,4.07,1.148,190.3,293.78999999999996,286.58,65.84,21.35,20.24,14.06,12.96,66.1,60.01,0.0,0.0,0.0,0.0,93130.48999999999,931.5586,931.101,0.029,0.0,2021,7,14,19,0
"2021-07-14 20:00:00",171.0,"4720",12.69,25.57,4.99,1.316,194.7,292.95,287.23999999999995,72.76,20.67,19.32,14.49,13.83,72.83,65.75,0.0,0.0,0.0,0.0,93186.94,932.2033,931.5157,0.026,0.0,2021,7,14,20,0
"2021-07-14 21:00:00",172.0,"4720",12.66,24.54,4.46,1.567,184.0,292.13,287.60999999999996,76.11,19.52,18.66,14.74,14.3,76.92,72.59,0.0,0.0,0.0,0.0,93257.04,932.8221,932.121,0.023,0.0,2021,7,14,21,0
"2021-07-14 22:00:00",173.0,"4720",12.63,23.63,5.59,2.121,190.9,291.06,287.34999999999997,79.43,18.97,17.35,14.8,13.76,79.93,75.85,0.0,0.0,0.0,0.0,93304.42,933.2665,932.6232,0.023,0.0,2021,7,14,22,0
"2021-07-14 23:00:00",174.0,"4720",12.61,22.67,6.51,1.818,197.9,290.07,287.32,86.8,17.53,16.63,14.93,13.72,87.0,79.36,0.0,0.0,0.0,0.0,93327.48,933.3925,933.0984,0.016,0.0,2021,7,14,23,0
"2021-07-15 00:00:00",175.0,"4720",12.58,23.07,6.19,2.174,192.7,290.32,288.44,90.6,17.39,16.96,15.85,14.75,90.8,86.7,0.0,0.0,0.0,0.0,93316.89,933.334,932.9895,0.012,0.0,2021,7,15,0,0
"2021-07-15 01:00:00",176.0,"4720",12.56,23.16,6.63,2.272,186.0,290.32,288.96999999999997,92.5,17.4,17.09,16.12,15.68,92.6,90.6,0.0,0.0,0.0,0.0,93303.61,933.1478,932.8228,0.009,0.0,2021,7,15,1,0
"2021-07-15 02:00:00",177.0,"4720",12.53,23.2,5.84,2.272,184.3,290.23999999999995,289.07,92.7,17.33,16.96,16.17,15.79,93.1,92.3,0.0,0.0,0.0,0.0,93274.48000000001,932.9421,932.5687,0.008,0.0,2021,7,15,2,0
"2021-07-15 03:00:00",178.0,"4720",12.5,23.16,6.81,1.836,181.2,290.25,289.07,92.6,17.31,17.02,16.14,15.82,93.0,92.5,0.0,0.0,0.0,0.0,93250.57,932.6729,932.2461,0.007,0.0,2021,7,15,3,0
"2021-07-15 04:00:00",179.0,"4720",12.45,23.13,6.79,2.508,172.0,290.15999999999997,288.89,88.6,17.26,16.63,16.08,14.76,92.8,88.6,0.0,0.001241417,4.469101e-06,0.133,93242.5,932.7858,932.2074,0.009,0.0,2021,7,15,4,0
"2021-07-15 05:00:00",180.0,"4720",12.41,22.94,5.53,1.953,186.1,288.98999999999995,287.02,90.1,16.8,15.52,14.93,13.2,90.5,85.9,0.0,0.0,0.0,0.0,93292.21,933.0971,932.7186,0.012,0.0,2021,7,15,5,0
"2021-07-15 06:00:00",181.0,"4720",12.33,21.51,4.59,1.699,187.4,288.98999999999995,287.42999999999995,90.9,16.34,15.58,14.88,13.93,91.2,89.7,0.0,0.01509586,5.434511e-05,0.528,93332.48,933.5128,932.9781,0.009,0.0,2021,7,15,6,0
"2021-07-15 07:00:00",182.0,"4720",12.31,22.06,4.64,1.568,189.4,289.27,287.94,92.5,16.35,15.98,15.15,14.6,92.7,90.9,0.0,15.92859,0.0573429,62.3,93350.01999999999,933.6505,933.4027,0.011,0.152,2021,7,15,7,0
"2021-07-15 08:00:00",183.0,"4720",12.31,23.06,4.89,1.954,181.3,289.76,288.34,90.5,17.0,16.17,15.44,14.96,92.9,90.2,0.0,"NAN","NAN","NAN",93398.87999999999,934.4761,933.5702,0.044,0.859,2021,7,15,8,0
"2021-07-15 09:00:00",184.0,"4720",12.32,25.02,3.88,1.446,166.8,290.65,288.53999999999996,80.2,18.71,16.83,15.86,14.85,90.7,80.2,0.0,114.0578,0.4106078,290.7,93469.79,934.8928,934.4473,0.084,1.595,2021,7,15,9,0
"2021-07-15 10:00:00",185.0,"4720",12.98,27.46,4.5,1.64,183.1,292.23999999999995,288.21,76.28,19.52,18.54,15.57,14.62,80.3,75.53,0.0,189.4396,0.6819825,291.9,93489.59999999999,934.953,934.8126,0.144,2.206,2021,7,15,10,0
"2021-07-15 11:00:00",186.0,"4720",12.94,29.43,7.09,2.155,181.6,293.34,287.4,63.76,21.64,19.0,14.93,13.77,76.06,62.82,0.0,274.8162,0.9893401,547.1,93463.78,934.9164,934.304,0.214,2.629,2021,7,15,11,0
"2021-07-15 12:00:00",187.0,"4720",13.19,33.76,7.55,2.82,181.1,295.52,285.91999999999996,46.14,24.19,20.97,14.53,11.0,64.01,44.97,0.0,591.2379,2.128456,1079.0,93414.43000000001,934.494,933.6926,0.429,2.828,2021,7,15,12,0
"2021-07-15 13:00:00",188.0,"4720",13.4,36.02,9.29,3.297,174.2,297.09999999999997,283.97999999999996,43.99,25.2,22.87,12.09,9.95,46.96,40.73,0.0,708.7367,2.551456,940.0,93336.85,933.8489,932.8625,0.534,2.782,2021,7,15,13,0
"2021-07-15 14:00:00",189.0,"4720",13.73,36.81,8.68,3.593,177.4,297.52,283.79999999999995,40.61,24.96,23.27,11.79,9.71,46.66,38.52,0.0,664.3334,2.3916,927.0,93266.14,933.0121,932.2653,0.516,2.474,2021,7,15,14,0
"2021-07-15 15:00:00",190.0,"4720",13.85,37.5,8.03,3.231,179.8,297.71999999999997,284.21,44.97,25.34,23.93,12.31,10.11,45.5,40.34,0.0,542.8774,1.954358,633.5,93225.11,932.5077,931.9415,0.429,1.942,2021,7,15,15,0
"2021-07-15 16:00:00",191.0,"4720",14.16,37.08,7.54,2.95,177.8,297.39,284.21,45.36,25.08,23.52,11.86,10.37,45.52,41.45,0.0,349.2555,1.257317,484.9,93229.13,932.4865,932.0739,0.292,1.247,2021,7,15,16,0
"2021-07-15 17:00:00",192.0,"4720",13.23,35.8,7.57,3.148,180.6,295.59999999999997,285.33,64.46,23.74,20.11,13.57,10.86,64.6,44.97,0.0,"NAN","NAN","NAN",93278.18,933.1595,932.2522,0.14,0.473,2021,7,15,17,0
"2021-07-15 18:00:00",193.0,"4720",12.81,31.04,7.39,2.422,194.0,291.92999999999995,287.15,77.2,20.23,17.88,14.68,13.16,78.37,64.45,0.0,5.559733,0.02001505,27.18,93332.44,933.6898,932.946,0.013,0.019,2021,7,15,18,0
"2021-07-15 19:00:00",194.0,"4720",12.76,25.6,6.62,2.269,195.4,290.79999999999995,287.19,81.8,18.09,17.48,14.5,13.8,81.8,77.15,0.0,0.0,0.0,0.0,93396.59,934.2751,933.5723,0.004,0.0,2021,7,15,19,0
"2021-07-15 20:00:00",195.0,"4720",12.72,24.28,5.02,1.749,197.5,290.09999999999997,287.75,89.7,17.63,16.5,15.03,14.28,89.8,81.6,0.0,0.0,0.0,0.0,93455.26,934.8152,934.2224,-0.007,0.0,2021,7,15,20,0
"2021-07-15 21:00:00",196.0,"4720",12.69,23.02,5.54,2.013,193.9,289.64,288.26,92.8,16.74,16.37,15.48,14.81,93.2,89.7,0.0,0.0,0.0,0.0,93490.78,935.0316,934.7227,-0.01,0.0,2021,7,15,21,0
"2021-07-15 22:00:00",197.0,"4720",12.67,22.87,7.14,2.234,190.6,289.53,288.42999999999995,94.1,16.57,16.3,15.55,15.2,94.2,92.7,0.0,0.0,0.0,0.0,93503.17,935.1688,934.7925,-0.01,0.0,2021,7,15,22,0
"2021-07-15 23:00:00",198.0,"4720",12.64,22.38,5.66,2.204,183.5,289.34999999999997,288.48999999999995,95.0,16.44,16.11,15.56,15.23,95.2,94.1,0.0,0.0,0.0,0.0,93504.37,935.2229,934.9248,-0.012,0.0,2021,7,15,23,0
"2021-07-16 00:00:00",199.0,"4720",12.61,22.01,4.9,1.498,183.6,289.22999999999996,288.45,95.2,16.3,15.98,15.53,15.2,95.3,94.9,0.0,0.0,0.0,0.0,93494.3,935.1917,934.7187,-0.016,0.0,2021,7,16,0,0
"2021-07-16 01:00:00",200.0,"4720",12.59,21.89,5.44,1.975,184.4,289.02,288.21,94.4,16.15,15.58,15.39,14.68,95.3,94.3,0.0,0.09644423,0.0003471988,0.419,93469.1,934.9069,934.3367,-0.013,0.0,2021,7,16,1,0
"2021-07-16 02:00:00",201.0,"4720",12.57,21.81,5.27,1.982,189.6,288.76,287.84,94.1,15.82,15.45,14.92,14.5,94.5,94.0,0.0,0.1070639,0.0003854304,0.372,93421.64,934.5048,933.7625,-0.012,0.0,2021,7,16,2,0
"2021-07-16 03:00:00",202.0,"4720",12.54,21.42,5.44,2.313,190.0,288.64,287.69,94.3,15.69,15.32,14.75,14.42,94.5,93.6,0.0,0.05432501,0.0001955702,0.324,93372.70999999999,933.9036,933.4907,-0.011,0.0,2021,7,16,3,0
"2021-07-16 04:00:00",203.0,"4720",12.51,21.36,5.39,2.102,192.0,288.37,287.54999999999995,95.0,15.49,15.06,14.65,14.26,95.3,94.3,0.0,0.0,0.0,0.0,93369.76,933.8591,933.3857,-0.012,0.0,2021,7,16,4,0
"2021-07-16 05:00:00",204.0,"4720",12.47,20.98,6.3,2.296,188.6,288.23999999999995,287.41999999999996,94.6,15.3,14.99,14.55,14.14,95.3,94.5,0.0,0.0,0.0,0.0,93393.82,934.2534,933.6466,-0.011,0.0,2021,7,16,5,0
"2021-07-16 06:00:00",205.0,"4720",12.42,20.88,5.48,2.063,189.4,288.22999999999996,287.38,94.3,15.31,14.93,14.48,14.01,95.0,94.2,0.0,0.006783764,2.442155e-05,0.378,93433.92,934.5261,934.1515,-0.012,0.0,2021,7,16,6,0
"2021-07-16 07:00:00",206.0,"4720",12.41,20.98,6.38,2.341,190.3,288.14,287.2,94.0,15.23,14.92,14.28,13.91,94.4,93.6,0.0,"NAN","NAN","NAN",93471.39,934.9427,934.427,0.008,0.153,2021,7,16,7,0
"2021-07-16 08:00:00",207.0,"4720",12.45,22.52,6.26,2.747,185.4,288.92999999999995,287.37,88.7,16.21,14.99,14.75,13.9,94.3,87.8,0.0,124.8829,0.4495775,299.6,93515.77,935.594,934.7477,0.069,0.866,2021,7,16,8,0
"2021-07-16 09:00:00",208.0,"4720",12.42,22.85,6.62,2.6,175.6,289.0,287.31,92.3,16.28,15.45,14.43,14.0,92.4,88.2,0.0,"NAN","NAN","NAN",93596.42,936.2681,935.406,0.05,1.608,2021,7,16,9,0
"2021-07-16 10:00:00",209.0,"4720",12.44,22.98,6.8,2.503,185.9,288.76,287.63,91.6,16.17,15.25,14.98,14.09,94.5,90.9,0.0,154.3161,0.5555382,341.3,93618.46,936.3528,935.9207,0.096,2.217,2021,7,16,10,0
"2021-07-16 11:00:00",210.0,"4720",13.05,24.78,7.81,2.779,182.7,289.75,287.84999999999997,83.9,17.52,15.91,15.44,14.29,91.9,83.1,0.0,208.9306,0.7521504,321.2,93593.74,936.1614,935.7056,0.134,2.632,2021,7,16,11,0
"2021-07-16 12:00:00",211.0,"4720",13.09,25.74,7.47,2.793,178.9,290.81,287.52,78.26,18.39,17.22,14.8,13.95,84.2,76.76,0.0,227.7028,0.8197306,345.3,93544.93,935.8191,934.9165,0.163,2.819,2021,7,16,12,0
"2021-07-16 13:00:00",212.0,"4720",13.21,26.86,7.75,3.179,183.9,291.03,287.09,80.7,18.54,17.29,14.65,13.29,81.6,74.35,0.0,274.0766,0.9866769,351.4,93484.86,935.1836,934.4927,0.193,2.76,2021,7,16,13,0
"2021-07-16 14:00:00",213.0,"4720",13.3,29.01,6.69,2.607,185.0,291.83,287.41999999999996,73.1,19.35,17.42,15.14,13.75,81.4,71.55,0.0,405.5373,1.459932,637.0,93406.6,934.5355,933.6135,0.26,2.449,2021,7,16,14,0
"2021-07-16 15:00:00",214.0,"4720",13.55,28.99,7.29,2.705,188.6,291.82,287.28,76.44,19.64,17.82,15.03,13.3,79.24,71.03,0.0,285.0698,1.026253,360.4,93385.67,934.0899,933.5935,0.195,1.927,2021,7,16,15,0
"2021-07-16 16:00:00",215.0,"4720",13.17,27.44,6.35,2.258,193.2,291.10999999999996,287.37,85.3,18.44,16.38,14.79,13.69,85.3,75.59,0.0,"NAN","NAN","NAN",93401.45,934.426,933.7831,0.121,1.237,2021,7,16,16,0
"2021-07-16 17:00:00",216.0,"4720",12.82,26.06,8.68,2.994,192.3,287.59,286.34999999999997,94.6,16.5,14.07,14.09,12.81,95.0,85.3,0.0,"NAN","NAN","NAN",93459.97,934.8513,934.2609,0.025,0.476,2021,7,16,17,0
"2021-07-16 18:00:00",217.0,"4720",12.76,20.85,6.53,1.855,197.9,287.06,286.08,92.8,14.31,13.75,13.48,12.64,94.8,92.7,0.0,1.821313,0.006556716,12.0,93501.04,935.2043,934.739,-0.001,0.02,2021,7,16,18,0
"2021-07-16 19:00:00",218.0,"4720",12.71,20.13,3.97,1.657,194.0,287.17999999999995,286.12,93.2,14.3,13.88,13.25,12.74,93.6,92.8,0.0,0.0,0.0,0.0,93525.25,935.3651,935.127,-0.002,0.0,2021,7,16,19,0
"2021-07-16 20:00:00",219.0,"4720",12.68,19.96,4.12,1.626,195.0,287.31,286.15,92.1,14.38,14.07,13.25,12.88,93.5,92.1,0.0,0.0,0.0,0.0,93533.53,935.4667,935.2208,-0.001,0.0,2021,7,16,20,0
"2021-07-16 21:00:00",220.0,"4720",12.65,19.85,5.03,1.752,195.2,287.23999999999995,286.0,92.0,14.31,14.01,13.1,12.71,92.6,91.8,0.0,0.0,0.0,0.0,93548.15,935.6598,935.3479,0.0,0.0,2021,7,16,21,0
"2021-07-16 22:00:00",221.0,"4720",12.62,19.56,4.7,1.768,194.5,287.04999999999995,285.7,90.3,14.18,13.74,12.93,12.16,92.3,90.1,0.0,0.0,0.0,0.0,93550.66,935.6384,935.3999,0.0,0.0,2021,7,16,22,0
"2021-07-16 23:00:00",222.0,"4720",12.59,19.34,4.65,1.581,201.1,286.90999999999997,285.25,89.0,13.97,13.74,12.37,11.95,90.4,88.8,0.0,0.0,0.0,0.0,93538.39,935.6309,935.2549,0.001,0.0,2021,7,16,23,0
"2021-07-17 00:00:00",223.0,"4720",12.55,19.11,4.35,1.42,203.5,286.75,285.0,89.7,13.92,13.28,12.15,11.63,89.9,88.3,0.0,0.0,0.0,0.0,93507.93,935.3412,934.9747,0.0,0.0,2021,7,17,0,0
"2021-07-17 01:00:00",224.0,"4720",12.52,18.91,4.86,1.666,198.3,286.08,284.31,87.9,13.42,12.63,11.8,10.73,89.9,87.9,0.0,0.0,0.0,0.0,93473.84,935.061,934.3812,0.002,0.0,2021,7,17,1,0
"2021-07-17 02:00:00",225.0,"4720",12.48,17.76,4.41,1.746,198.1,285.46999999999997,283.62,87.2,12.86,11.97,10.91,9.98,89.2,87.2,0.0,0.0,0.0,0.0,93420.94,934.4706,933.9832,0.002,0.0,2021,7,17,2,0
"2021-07-17 03:00:00",226.0,"4720",12.44,16.88,5.9,1.968,192.6,284.97999999999996,282.89,87.4,12.28,11.51,10.14,9.5,87.6,85.8,0.0,0.0,0.0,0.0,93375.28,934.0711,933.4551,0.004,0.0,2021,7,17,3,0
"2021-07-17 04:00:00",227.0,"4720",12.4,16.45,6.41,1.729,197.8,284.79999999999995,282.5,84.9,11.95,11.51,9.67,9.16,87.5,84.6,0.0,0.0,0.0,0.0,93363.67,933.755,933.4323,0.004,0.0,2021,7,17,4,0
"2021-07-17 05:00:00",228.0,"4720",12.33,16.16,4.7,1.654,193.7,284.7,282.17999999999995,83.1,11.81,11.45,9.36,8.86,85.3,83.1,0.0,0.0,0.0,0.0,93394.17,934.2047,933.6199,0.004,0.0,2021,7,17,5,0
"2021-07-17 06:00:00",229.0,"4720",12.25,15.97,3.95,1.443,193.9,284.72999999999996,281.89,82.7,11.88,11.38,9.04,8.56,83.2,82.1,0.0,0.0,0.0,0.0,93444.04,934.6956,934.1597,0.004,0.0,2021,7,17,6,0
"2021-07-17 07:00:00",230.0,"4720",12.24,16.35,3.97,1.346,195.9,284.97999999999996,281.84,79.68,12.7,11.38,9.3,8.47,82.8,79.54,0.0,"NAN","NAN","NAN",93505.45,935.2775,934.6564,0.004,0.157,2021,7,17,7,0
"2021-07-17 08:00:00",231.0,"4720",12.28,23.47,4.55,1.568,196.7,287.21999999999997,283.14,75.85,15.31,12.56,11.21,9.14,79.92,74.2,0.0,265.0487,0.9541752,384.2,93544.76,935.7488,935.2076,0.121,0.885,2021,7,17,8,0
"2021-07-17 09:00:00",232.0,"4720",13.13,27.61,5.8,2.037,193.6,288.98999999999995,284.34999999999997,70.61,16.88,15.07,12.05,10.63,77.27,69.59,0.0,480.9505,1.731422,608.5,93574.71,935.8759,935.5726,0.256,1.631,2021,7,17,9,0
"2021-07-17 10:00:00",233.0,"4720",13.25,28.92,7.2,2.853,185.7,290.34999999999997,283.9,61.64,17.97,16.64,11.79,9.78,71.23,60.01,0.0,636.3441,2.290841,771.2,93577.23,935.8951,935.5217,0.366,2.254,2021,7,17,10,0
"2021-07-17 11:00:00",234.0,"4720",13.62,30.74,6.61,2.72,189.7,291.52,283.19,55.25,19.39,17.62,10.81,9.11,62.97,54.99,0.0,754.8516,2.717465,850.0,93546.24,935.8085,934.9661,0.457,2.683,2021,7,17,11,0
"2021-07-17 12:00:00",235.0,"4720",14.27,31.25,7.2,2.736,192.0,292.25,283.04999999999995,53.75,19.83,18.41,10.9,9.36,58.51,51.99,0.0,808.7239,2.911403,821.0,93461.58,935.0704,934.1232,0.502,2.871,2021,7,17,12,0
"2021-07-17 13:00:00",236.0,"4720",14.3,32.58,7.73,2.718,188.9,292.81,284.08,57.54,20.64,18.87,11.94,9.55,59.36,53.69,0.0,793.2033,2.855527,820.0,93362.22,934.2092,933.0529,0.497,2.797,2021,7,17,13,0
"2021-07-17 14:00:00",237.0,"4720",14.0,33.22,7.88,2.918,188.8,293.09999999999997,284.65999999999997,61.65,20.9,19.4,12.42,10.48,61.84,54.8,0.0,702.0372,2.527333,812.0,93278.41,933.1912,932.4089,0.446,2.482,2021,7,17,14,0
"2021-07-17 15:00:00",238.0,"4720",13.74,33.01,6.88,2.745,186.2,292.78999999999996,285.08,62.17,20.31,18.94,12.58,11.37,63.24,59.3,0.0,449.3656,1.617711,831.0,93243.52,932.5856,932.1608,0.3,1.951,2021,7,17,15,0
"2021-07-17 16:00:00",239.0,"4720",13.45,31.64,7.02,2.741,186.8,291.60999999999996,284.9,66.2,19.5,18.08,12.09,11.5,66.78,61.38,0.0,150.1245,0.5404481,565.7,93241.9,932.5972,932.1741,0.142,1.256,2021,7,17,16,0
"2021-07-17 17:00:00",240.0,"4720",12.78,27.09,6.3,2.433,187.1,290.7,285.4,76.04,18.33,16.83,12.75,11.57,76.17,65.68,0.0,"NAN","NAN","NAN",93272.72,932.9504,932.4337,0.071,0.483,2021,7,17,17,0
"2021-07-17 18:00:00",241.0,"4720",12.74,24.69,4.71,1.652,192.1,289.04999999999995,285.76,85.0,17.0,15.06,12.84,12.45,85.1,75.97,0.0,4.039635,0.01454267,24.9,93308.03,933.2434,932.8447,0.001,0.021,2021,7,17,18,0
"2021-07-17 19:00:00",242.0,"4720",12.7,21.35,6.03,1.814,193.1,288.02,286.03999999999996,89.7,15.23,14.73,13.44,12.57,89.8,85.0,0.0,0.0,0.0,0.0,93346.11,933.6735,933.2085,-0.004,0.0,2021,7,17,19,0
"2021-07-17 20:00:00",243.0,"4720",12.69,21.04,6.51,2.453,189.4,287.87,286.33,91.4,15.09,14.6,13.47,12.95,91.6,89.7,0.0,0.0,0.0,0.0,93385.06,934.0255,933.5681,-0.003,0.0,2021,7,17,20,0
"2021-07-17 21:00:00",244.0,"4720",12.66,20.93,6.56,2.687,189.4,287.52,286.2,92.7,14.77,14.2,13.41,12.84,92.9,90.9,0.0,1.98854e-05,7.158746e-08,0.02,93417.51000000001,934.3771,933.8961,-0.003,0.0,2021,7,17,21,0
"2021-07-17 22:00:00",245.0,"4720",12.63,20.55,6.2,2.629,188.8,287.26,286.28999999999996,94.4,14.38,14.01,13.37,13.05,94.6,92.7,0.0,6.060314e-05,2.181713e-07,0.034,93434.17,934.4587,934.1565,-0.005,0.0,2021,7,17,22,0
"2021-07-17 23:00:00",246.0,"4720",12.6,20.39,5.8,2.124,192.1,287.22999999999996,286.22999999999996,93.5,14.31,14.01,13.32,12.96,94.6,92.9,0.0,0.0,0.0,0.0,93426.84000000001,934.3896,934.1254,-0.007,0.0,2021,7,17,23,0
"2021-07-18 00:00:00",247.0,"4720",12.58,20.27,6.17,2.095,190.7,287.29999999999995,286.23999999999995,92.9,14.38,14.07,13.32,12.94,93.8,92.8,0.0,0.0,0.0,0.0,93425.17,934.3524,934.0639,-0.007,0.0,2021,7,18,0,0
"2021-07-18 01:00:00",248.0,"4720",12.55,20.2,5.05,2.043,193.3,287.09999999999997,285.89,92.6,14.26,13.75,13.16,12.57,93.0,91.7,0.0,0.0,0.0,0.0,93401.87,934.2738,933.7224,-0.006,0.0,2021,7,18,1,0
"2021-07-18 02:00:00",249.0,"4720",12.53,19.82,5.28,2.127,194.2,286.83,285.64,92.4,13.92,13.61,12.75,12.34,93.2,91.8,0.0,0.0,0.0,0.0,93360.51999999999,933.8255,933.347,-0.006,0.0,2021,7,18,2,0
"2021-07-18 03:00:00",250.0,"4720",12.49,19.67,6.39,2.411,192.0,286.85999999999996,285.7,92.9,13.92,13.61,12.79,12.41,93.1,92.3,0.0,0.0,0.0,0.0,93329.1,933.4487,933.1091,-0.005,0.0,2021,7,18,3,0
"2021-07-18 04:00:00",251.0,"4720",12.46,19.75,6.61,2.618,191.0,286.67999999999995,285.63,93.6,13.83,13.35,12.74,12.33,93.7,92.8,0.0,0.0,0.0,0.0,93336.43,933.4922,933.0997,-0.005,0.0,2021,7,18,4,0
"2021-07-18 05:00:00",252.0,"4720",12.44,19.31,5.42,1.914,194.3,286.34,285.41999999999996,94.4,13.52,13.02,12.54,12.08,94.6,93.5,0.0,0.0,0.0,0.0,93357.77,933.7103,933.3149,-0.008,0.0,2021,7,18,5,0
"2021-07-18 06:00:00",253.0,"4720",12.4,18.78,3.88,1.482,199.1,286.09,285.22999999999996,94.3,13.33,12.69,12.45,11.79,94.8,94.1,0.0,0.0,0.0,0.0,93387.59,934.0398,933.6537,-0.011,0.0,2021,7,18,6,0
"2021-07-18 07:00:00",254.0,"4720",12.38,19.36,4.4,1.651,199.6,286.34999999999997,285.21,90.1,14.07,12.63,12.54,11.7,94.5,90.1,0.0,46.37955,0.1669662,118.3,93421.52,934.4572,933.9684,-0.014,0.157,2021,7,18,7,0
"2021-07-18 08:00:00",255.0,"4720",12.57,21.22,6.15,2.498,191.5,287.54999999999995,285.65,87.6,14.9,13.94,12.88,12.27,90.2,87.4,0.0,116.4656,0.4192762,326.3,93472.89,935.2524,934.3641,0.067,0.879,2021,7,18,8,0
"2021-07-18 09:00:00",256.0,"4720",12.73,23.69,7.44,3.01,188.5,288.71,286.14,80.9,16.8,14.73,13.59,12.66,88.0,80.1,0.0,224.1796,0.8070464,474.9,93527.59999999999,935.427,935.0718,0.133,1.625,2021,7,18,9,0
"2021-07-18 10:00:00",257.0,"4720",12.93,25.73,7.13,3.157,187.8,289.97999999999996,286.21,77.74,17.27,16.31,13.51,12.74,81.7,76.23,0.0,318.228,1.145619,653.7,93551.72,935.6922,935.241,0.2,2.241,2021,7,18,10,0
"2021-07-18 11:00:00",258.0,"4720",11.68,27.77,7.76,3.202,186.7,290.47999999999996,286.25,76.95,18.37,16.44,13.64,12.72,80.3,71.8,0.0,387.3831,1.394581,725.3,93535.74,935.6584,935.0718,0.244,2.662,2021,7,18,11,0
"2021-07-18 12:00:00",259.0,"4720",11.81,28.01,7.18,3.049,189.7,290.65,285.91999999999996,68.89,18.78,17.03,13.51,12.08,77.41,67.51,0.0,395.4865,1.423749,1006.0,93498.18000000001,935.3021,934.4351,0.256,2.851,2021,7,18,12,0
"2021-07-18 13:00:00",260.0,"4720",13.48,28.1,7.0,3.054,188.7,290.81,285.17999999999995,69.2,18.23,17.1,12.65,11.53,71.92,66.59,0.0,317.1438,1.141719,649.1,93426.35,934.5753,933.9333,0.228,2.795,2021,7,18,13,0
"2021-07-18 14:00:00",261.0,"4720",13.64,27.49,6.85,2.605,188.0,290.94,285.09999999999997,65.48,18.67,17.36,12.41,11.64,70.55,64.83,0.0,299.4922,1.078171,590.8,93364.28,934.031,933.2872,0.216,2.486,2021,7,18,14,0
"2021-07-18 15:00:00",262.0,"4720",14.08,29.67,6.33,2.44,187.6,292.12,284.94,63.6,19.49,18.6,12.25,11.41,65.53,61.38,0.0,345.4223,1.24352,607.9,93330.40999999999,933.4321,933.1007,0.243,1.959,2021,7,18,15,0
"2021-07-18 16:00:00",263.0,"4720",13.56,28.98,6.05,2.417,186.8,291.56,284.89,66.61,18.91,18.08,12.2,11.21,67.1,62.29,0.0,173.924,0.6261262,267.4,93321.96,933.2941,933.0999,0.145,1.263,2021,7,18,16,0
"2021-07-18 17:00:00",264.0,"4720",12.75,26.94,5.48,2.18,188.6,290.71999999999997,285.08,70.87,18.29,17.16,12.17,11.77,71.14,66.59,0.0,43.26725,0.1557623,82.5,93339.23,933.6069,933.1747,0.069,0.488,2021,7,18,17,0
"2021-07-18 18:00:00",265.0,"4720",12.7,24.53,5.08,1.812,191.6,289.98999999999995,284.90999999999997,72.73,17.33,16.5,12.06,11.59,73.11,70.82,0.0,2.914966,0.01049387,15.83,93365.53,933.8692,933.4923,0.016,0.021,2021,7,18,18,0
"2021-07-18 19:00:00",266.0,"4720",12.62,22.87,3.89,1.418,191.1,289.4,284.71,75.19,16.67,15.98,11.79,11.45,75.36,72.32,0.0,0.0,0.0,0.0,93408.16,934.3215,933.8073,0.009,0.0,2021,7,18,19,0
"2021-07-18 20:00:00",267.0,"4720",12.04,21.96,3.76,1.522,190.6,289.06,284.75,76.23,16.15,15.78,11.82,11.48,76.39,74.6,0.0,0.0,0.0,0.0,93433.8,934.4958,934.1954,0.009,0.0,2021,7,18,20,0
"2021-07-18 21:00:00",268.0,"4720",11.2,21.69,3.61,1.551,189.5,288.84,284.79999999999995,79.95,15.95,15.52,12.24,11.4,79.95,75.7,0.0,0.0,0.0,0.0,93463.13,934.7339,934.4567,0.008,0.0,2021,7,18,21,0
"2021-07-18 22:00:00",269.0,"4720",10.37,21.39,3.29,1.511,189.8,288.34,285.52,85.5,15.69,14.86,12.68,12.05,85.6,79.75,0.0,0.0,0.0,0.0,93466.08,934.7631,934.5824,0.003,0.0,2021,7,18,22,0
"2021-07-18 23:00:00",270.0,"4720",10.45,20.2,5.12,1.595,192.3,287.96,285.66999999999996,86.6,15.06,14.73,12.77,12.41,86.7,85.4,0.0,0.0,0.0,0.0,93462.04000000001,934.8311,934.4883,0.001,0.0,2021,7,18,23,0
"2021-07-19 00:00:00",271.0,"4720",10.45,20.15,3.97,1.746,189.3,287.7,285.69,88.1,14.87,14.4,12.74,12.45,88.4,86.5,0.0,0.0,0.0,0.0,93451.52,934.6736,934.4348,0.001,0.0,2021,7,19,0,0
"2021-07-19 01:00:00",272.0,"4720",10.44,19.88,4.45,1.787,189.5,287.46,285.35999999999996,87.0,14.58,14.2,12.65,12.04,88.3,86.7,0.0,0.0,0.0,0.0,93438.26000000001,934.5748,934.1578,0.001,0.0,2021,7,19,1,0
"2021-07-19 02:00:00",273.0,"4720",10.43,19.6,3.78,1.517,195.7,287.2,285.07,87.7,14.34,13.87,12.25,11.75,87.9,86.3,0.0,0.0,0.0,0.0,93367.07,934.1627,933.3484,0.0,0.0,2021,7,19,2,0
"2021-07-19 03:00:00",274.0,"4720",10.4,19.35,3.56,1.469,198.7,286.95,284.88,86.7,14.05,13.68,12.08,11.51,88.0,86.6,0.0,0.0,0.0,0.0,93319.01000000001,933.4112,932.9613,-0.001,0.0,2021,7,19,3,0
"2021-07-19 04:00:00",275.0,"4720",10.37,19.16,4.37,1.435,200.5,286.78,284.46999999999997,85.6,13.86,13.48,11.66,11.13,86.8,85.3,0.0,0.0,0.0,0.0,93290.08,933.0974,932.7629,0.0,0.0,2021,7,19,4,0
"2021-07-19 05:00:00",276.0,"4720",10.34,18.88,4.16,1.572,204.8,286.66999999999996,283.9,82.3,13.79,13.35,11.3,10.34,86.1,81.2,0.0,0.0,0.0,0.0,93289.79000000001,932.9734,932.7957,0.002,0.0,2021,7,19,5,0
"2021-07-19 06:00:00",277.0,"4720",10.3,18.63,4.45,1.63,203.2,286.45,283.29999999999995,81.0,13.55,13.22,10.63,9.89,82.8,79.48,0.0,9.46924e-07,3.408926e-09,0.003,93290.48,933.2113,932.7322,0.004,0.0,2021,7,19,6,0
"2021-07-19 07:00:00",278.0,"4720",10.27,19.06,5.64,1.849,194.7,286.58,283.58,82.2,13.92,13.15,11.04,10.04,82.8,81.0,0.0,"NAN","NAN","NAN",93338.52,933.8326,933.0892,0.011,0.159,2021,7,19,7,0
"2021-07-19 08:00:00",279.0,"4720",10.36,21.84,5.76,2.125,190.7,287.56,284.15999999999997,77.99,15.23,13.74,11.62,10.68,82.4,77.72,0.0,151.9714,0.5470968,253.4,93421.02,934.6805,933.736,0.087,0.889,2021,7,19,8,0
"2021-07-19 09:00:00",280.0,"4720",13.07,25.52,5.16,2.156,188.7,289.06,284.5,71.93,16.81,15.06,11.88,11.09,78.19,70.83,0.0,312.467,1.124882,711.5,93489.02,935.0762,934.6146,0.184,1.641,2021,7,19,9,0
"2021-07-19 10:00:00",281.0,"4720",13.15,27.72,5.4,1.929,186.6,290.29999999999995,284.48999999999995,66.46,17.81,16.31,11.91,10.98,72.33,65.67,0.0,390.2107,1.404759,960.0,93505.37000000001,935.1674,934.8204,0.246,2.262,2021,7,19,10,0
"2021-07-19 11:00:00",282.0,"4720",13.35,31.82,6.03,2.306,184.3,291.91999999999996,284.46,60.02,20.13,17.49,12.21,10.79,66.83,58.38,0.0,682.7902,2.458041,1125.0,93466.64,934.9285,934.2888,0.422,2.686,2021,7,19,11,0
"2021-07-19 12:00:00",283.0,"4720",14.02,32.41,5.98,2.153,180.1,292.60999999999996,284.71999999999997,59.57,20.11,19.01,12.1,11.21,61.96,58.12,0.0,578.4177,2.082304,1079.0,93409.84,934.4193,933.7489,0.381,2.871,2021,7,19,12,0
"2021-07-19 13:00:00",284.0,"4720",14.01,33.66,4.86,1.956,177.8,293.4,285.06,58.46,21.34,19.46,12.51,11.39,60.65,55.98,0.0,620.493,2.233775,1148.0,93321.15,933.7929,932.5674,0.409,2.804,2021,7,19,13,0
"2021-07-19 14:00:00",285.0,"4720",13.95,33.71,4.28,1.516,175.2,293.54999999999995,285.25,58.0,21.21,19.86,12.7,11.8,60.8,56.17,0.0,376.3724,1.354943,997.0,93218.29000000001,932.6835,931.7495,0.27,2.493,2021,7,19,14,0
"2021-07-19 15:00:00",286.0,"4720",13.96,36.17,4.27,1.581,193.4,294.57,285.48999999999995,54.16,22.81,20.71,12.94,11.93,59.1,52.59,0.0,501.5893,1.805721,894.0,93157.34,931.8047,931.326,0.331,1.963,2021,7,19,15,0
"2021-07-19 16:00:00",287.0,"4720",13.75,36.07,4.44,1.545,181.8,294.59999999999997,285.25,55.13,21.89,21.16,12.47,11.76,56.11,53.76,0.0,307.516,1.107057,546.5,93125.01,931.385,931.1285,0.207,1.268,2021,7,19,16,0
"2021-07-19 17:00:00",288.0,"4720",13.34,34.23,4.01,1.577,186.9,293.32,284.97999999999996,61.97,21.54,19.06,12.29,11.59,62.11,55.0,0.0,112.7916,0.4060501,286.8,93155.33,931.7628,931.1768,0.078,0.494,2021,7,19,17,0
"2021-07-19 18:00:00",289.0,"4720",12.71,28.68,3.36,1.011,195.7,291.15999999999997,284.69,70.69,19.23,16.76,11.86,11.34,70.94,61.96,0.0,"NAN","NAN","NAN",93190.84,932.1219,931.7049,0.0,0.022,2021,7,19,18,0
"2021-07-19 19:00:00",290.0,"4720",12.67,23.94,3.15,1.208,193.1,289.69,284.62,73.49,16.87,16.24,11.72,11.36,73.62,70.69,0.0,0.0,0.0,0.0,93231.06,932.6218,932.0232,-0.002,0.0,2021,7,19,19,0
"2021-07-19 20:00:00",291.0,"4720",12.62,22.11,3.48,1.044,195.3,289.25,284.97999999999996,77.27,16.41,15.84,12.16,11.45,77.6,73.49,0.0,0.0,0.0,0.0,93281.20999999999,933.1328,932.581,-0.007,0.0,2021,7,19,20,0
"2021-07-19 21:00:00",292.0,"4720",12.39,21.07,2.7,0.584,209.4,289.03,285.21,77.79,16.21,15.71,12.37,11.89,78.81,77.27,0.0,0.0,0.0,0.0,93321.03,933.3912,933.0443,-0.016,0.0,2021,7,19,21,0
"2021-07-19 22:00:00",293.0,"4720",11.87,21.2,2.05,0.54,209.8,289.31,285.33,75.98,16.47,16.04,12.39,12.06,77.9,75.9,0.0,0.0,0.0,0.0,93342.14,933.4828,933.3231,-0.017,0.0,2021,7,19,22,0
"2021-07-19 23:00:00",294.0,"4720",11.45,21.45,2.13,0.488,204.4,289.45,285.15999999999997,75.58,16.54,16.23,12.24,11.92,76.16,75.12,0.0,0.0,0.0,0.0,93333.14,933.4565,933.2233,-0.018,0.0,2021,7,19,23,0
"2021-07-20 00:00:00",295.0,"4720",10.48,21.5,2.64,0.827,199.1,289.47999999999996,284.96999999999997,74.6,16.61,16.17,12.11,11.67,75.71,73.88,0.0,0.0,0.0,0.0,93309.38,933.2557,932.8835,-0.01,0.0,2021,7,20,0,0
"2021-07-20 01:00:00",296.0,"4720",10.46,21.34,1.83,0.685,194.8,289.19,284.76,75.77,16.35,15.78,11.88,11.47,75.91,74.47,0.0,0.0,0.0,0.0,93273.39,932.9153,932.5342,-0.013,0.0,2021,7,20,1,0
"2021-07-20 02:00:00",297.0,"4720",10.45,20.89,2.58,0.746,196.6,288.98999999999995,284.71999999999997,76.23,16.08,15.65,11.81,11.48,76.35,75.25,0.0,0.0,0.0,0.0,93232.37000000001,932.5651,932.1014,-0.012,0.0,2021,7,20,2,0
"2021-07-20 03:00:00",298.0,"4720",10.41,20.7,1.82,0.534,196.1,288.63,284.75,78.05,15.83,15.38,11.9,11.43,78.32,76.22,0.0,0.0,0.0,0.0,93204.59,932.1713,931.8634,-0.017,0.0,2021,7,20,3,0
"2021-07-20 04:00:00",299.0,"4720",10.4,20.7,1.87,0.561,192.4,288.65999999999997,284.85999999999996,77.86,15.76,15.38,11.95,11.55,78.28,77.73,0.0,0.0,0.0,0.0,93207.6,932.3241,931.9037,-0.017,0.0,2021,7,20,4,0
"2021-07-20 05:00:00",300.0,"4720",10.37,20.61,2.98,0.552,211.5,288.51,284.9,79.81,15.63,15.25,12.03,11.58,80.1,77.79,0.0,0.0,0.0,0.0,93251.81,932.7648,932.2722,-0.017,0.0,2021,7,20,5,0
"2021-07-20 06:00:00",301.0,"4720",10.34,20.38,3.78,1.241,196.8,288.09999999999997,285.2,84.3,15.46,14.6,12.27,11.85,84.5,79.75,0.0,0.0002054825,7.39737e-07,0.092,93304.13,933.3773,932.7177,-0.008,0.0,2021,7,20,6,0
"2021-07-20 07:00:00",302.0,"4720",10.31,20.52,2.08,0.642,210.5,288.03,285.4,82.9,15.49,14.59,12.64,11.99,85.0,82.9,0.0,17.65522,0.0635588,43.65,93372.49,934.2176,933.3419,0.008,0.161,2021,7,20,7,0
"2021-07-20 08:00:00",303.0,"4720",10.38,22.93,2.34,0.875,247.7,289.22999999999996,285.71,74.93,17.3,15.32,13.03,12.35,83.1,74.86,0.0,100.0283,0.3601021,164.4,93455.52,934.9065,934.1865,0.065,0.888,2021,7,20,8,0
"2021-07-20 09:00:00",304.0,"4720",12.92,27.46,3.22,0.935,205.1,291.21999999999997,286.01,68.49,19.06,17.16,13.42,12.57,75.16,68.1,0.0,266.2713,0.9585766,348.4,93510.85,935.239,934.8778,0.167,1.637,2021,7,20,9,0
"2021-07-20 10:00:00",305.0,"4720",13.18,31.97,4.09,1.196,194.2,293.04999999999995,286.22999999999996,61.71,21.02,18.93,13.74,12.74,68.73,60.93,0.0,493.4229,1.776323,949.0,93508.31,935.1946,934.9569,0.315,2.255,2021,7,20,10,0
"2021-07-20 11:00:00",306.0,"4720",13.5,36.43,3.94,1.412,184.5,295.31,286.52,55.79,23.13,20.97,14.01,12.76,61.71,54.68,0.0,766.676,2.760031,1022.0,93470.25,934.975,934.2617,0.505,2.675,2021,7,20,11,0
"2021-07-20 12:00:00",307.0,"4720",13.67,37.31,4.36,1.413,173.3,296.97999999999996,286.58,49.93,24.58,22.81,14.24,12.75,55.8,49.73,0.0,804.1475,2.894935,868.0,93369.53,934.2795,933.0641,0.551,2.861,2021,7,20,12,0
"2021-07-20 13:00:00",308.0,"4720",13.75,39.61,5.13,1.617,178.5,297.85999999999996,286.28,48.96,26.08,23.99,14.26,12.51,50.59,45.24,0.0,696.1987,2.506328,994.0,93277.58,933.0839,932.3226,0.499,2.801,2021,7,20,13,0
"2021-07-20 14:00:00",309.0,"4720",13.64,39.76,5.6,1.81,173.2,297.89,286.53999999999996,47.85,26.15,23.85,14.58,12.66,53.72,44.59,0.0,576.2549,2.074522,917.0,93199.7,932.4183,931.5125,0.425,2.49,2021,7,20,14,0
"2021-07-20 15:00:00",310.0,"4720",13.64,38.98,5.32,2.037,175.6,297.15,286.96,51.48,25.6,23.07,14.5,13.35,55.46,47.39,0.0,359.41,1.293878,764.9,93135.24,931.5823,931.1004,0.289,1.96,2021,7,20,15,0
"2021-07-20 16:00:00",311.0,"4720",13.68,38.42,5.05,2.094,179.6,297.85999999999996,286.98999999999995,50.64,25.29,24.19,14.49,13.41,52.73,49.54,0.0,376.7416,1.356268,531.2,93123.0,931.4168,931.0953,0.279,1.265,2021,7,20,16,0
"2021-07-20 17:00:00",312.0,"4720",13.07,37.74,4.23,1.661,180.1,296.06,286.41999999999996,57.8,24.81,21.75,13.79,12.98,57.86,49.54,0.0,"NAN","NAN","NAN",93157.96,931.8279,931.3619,0.09,0.496,2021,7,20,17,0
"2021-07-20 18:00:00",313.0,"4720",12.6,30.96,2.37,0.876,193.2,293.62,286.37,69.74,21.92,19.32,13.81,12.96,69.86,57.74,0.0,3.917144,0.01410172,18.48,93202.52,932.234,931.7887,0.008,0.023,2021,7,20,18,0
"2021-07-20 19:00:00",314.0,"4720",11.34,26.26,2.54,0.773,228.7,292.28999999999996,286.69,69.67,19.51,18.99,13.89,13.3,71.11,68.94,0.0,0.0,0.0,0.0,93238.45999999999,932.6492,932.1675,0.001,0.0,2021,7,20,19,0
"2021-07-20 20:00:00",315.0,"4720",10.59,24.53,3.31,1.058,262.7,292.21,286.46999999999997,70.5,19.32,18.86,13.6,13.14,70.62,68.35,0.0,0.0,0.0,0.0,93271.99,932.8624,932.5919,0.007,0.0,2021,7,20,20,0
"2021-07-20 21:00:00",316.0,"4720",10.55,24.18,2.61,0.698,215.6,291.77,286.69,73.5,19.09,18.4,13.98,13.33,73.78,70.44,0.0,0.0,0.0,0.0,93305.53,933.2891,932.7991,-0.002,0.0,2021,7,20,21,0
"2021-07-20 22:00:00",317.0,"4720",10.51,23.56,2.15,0.611,250.6,291.65,286.96,74.67,18.78,18.27,14.03,13.7,74.81,73.43,0.0,0.0,0.0,0.0,93323.56,933.2782,933.1095,-0.004,0.0,2021,7,20,22,0
"2021-07-20 23:00:00",318.0,"4720",10.49,23.24,1.96,0.62,275.1,291.46999999999997,287.07,76.82,18.71,18.01,14.29,13.69,76.88,74.67,0.0,0.0,0.0,0.0,93310.13,933.1917,933.0042,-0.005,0.0,2021,7,20,23,0
"2021-07-21 00:00:00",319.0,"4720",10.47,23.06,1.97,0.723,291.1,290.16999999999996,286.59999999999997,81.9,18.18,16.17,14.1,12.99,82.4,76.82,0.0,0.0,0.0,0.0,93292.85,933.0633,932.7643,-0.004,0.0,2021,7,21,0,0
"2021-07-21 01:00:00",320.0,"4720",10.45,21.09,1.72,0.765,269.3,288.78,286.12,85.4,16.54,14.73,13.54,12.14,87.3,81.1,0.0,0.0,0.0,0.0,93266.3,932.8864,932.4608,-0.006,0.0,2021,7,21,1,0
"2021-07-21 02:00:00",321.0,"4720",10.42,19.8,2.19,0.703,223.3,287.56,285.45,90.0,15.68,12.96,13.29,11.33,90.1,82.7,0.0,0.0,0.0,0.0,93232.16,932.484,932.2097,-0.008,0.0,2021,7,21,2,0
"2021-07-21 03:00:00",322.0,"4720",10.38,18.49,1.97,0.601,249.8,286.95,285.44,89.8,14.84,12.69,13.34,11.27,93.5,88.0,0.0,0.0,0.0,0.0,93224.27,932.3945,932.153,-0.01,0.0,2021,7,21,3,0
"2021-07-21 04:00:00",323.0,"4720",10.36,18.16,1.78,0.681,317.3,287.09999999999997,285.65999999999997,91.5,14.51,13.35,13.11,11.73,92.0,89.0,0.0,0.0,0.0,0.0,93249.43,932.75,932.3416,-0.01,0.0,2021,7,21,4,0
"2021-07-21 05:00:00",324.0,"4720",10.33,18.11,1.8,0.788,320.7,287.01,285.65,91.3,14.25,13.61,12.9,12.04,92.0,90.2,0.0,0.0,0.0,0.0,93297.85,933.2473,932.7181,-0.009,0.0,2021,7,21,5,0
"2021-07-21 06:00:00",325.0,"4720",10.27,18.58,2.39,0.811,328.0,287.41999999999996,285.94,90.9,14.52,14.07,13.08,12.56,91.7,90.1,0.0,0.001156194,4.162299e-06,0.191,93353.08,933.8943,933.2085,-0.008,0.0,2021,7,21,6,0
"2021-07-21 07:00:00",326.0,"4720",10.25,18.49,1.6,0.73,339.1,287.28,285.92999999999995,91.4,15.01,13.81,13.64,12.39,92.5,90.6,0.0,"NAN","NAN","NAN",93429.26999999999,934.6802,933.8602,-0.007,0.163,2021,7,21,7,0
"2021-07-21 08:00:00",327.0,"4720",10.28,27.24,2.78,0.805,5.386,290.97999999999996,287.66999999999996,71.42,20.12,14.92,15.17,13.55,91.6,71.42,0.0,266.882,0.9607769,382.3,93499.44,935.3685,934.6548,0.13,0.885,2021,7,21,8,0
"2021-07-21 09:00:00",328.0,"4720",10.93,32.62,5.23,1.512,34.93,294.4,287.73999999999995,60.55,22.66,19.72,15.16,14.1,72.2,60.54,0.0,484.229,1.743225,577.8,93543.91,935.5393,935.3162,0.303,1.632,2021,7,21,9,0
"2021-07-21 10:00:00",329.0,"4720",11.13,35.85,5.77,1.818,51.7,296.69,287.71,53.77,24.74,22.28,15.06,14.09,61.4,53.57,0.0,652.4698,2.348889,717.9,93536.65,935.5433,935.1691,0.444,2.25,2021,7,21,10,0
"2021-07-21 11:00:00",330.0,"4720",11.56,37.58,4.73,1.879,51.66,298.26,287.21999999999997,45.63,26.32,24.44,14.83,13.41,53.83,45.56,0.0,731.0918,2.631933,860.0,93490.39,935.2416,934.5671,0.522,2.676,2021,7,21,11,0
"2021-07-21 12:00:00",331.0,"4720",11.69,39.79,5.65,1.729,57.74,299.67999999999995,286.79999999999995,43.55,27.25,25.5,14.33,12.78,48.15,41.53,0.0,764.6976,2.752912,1055.0,93423.69,934.6493,933.7543,0.565,2.868,2021,7,21,12,0
"2021-07-21 13:00:00",332.0,"4720",11.87,40.68,5.29,1.842,64.51,299.76,286.58,44.27,27.59,25.82,13.99,12.92,47.15,41.66,0.0,585.9307,2.109351,1130.0,93334.59,933.7897,932.8436,0.461,2.807,2021,7,21,13,0
"2021-07-21 14:00:00",333.0,"4720",11.91,40.52,5.17,1.76,65.94,299.7,286.47999999999996,43.94,27.23,26.15,13.85,13.0,45.42,42.57,0.0,441.3418,1.588832,1103.0,93250.72,932.9127,932.2323,0.367,2.499,2021,7,21,14,0
"2021-07-21 15:00:00",334.0,"4720",11.86,41.01,5.31,1.607,56.17,300.06,286.54999999999995,42.31,27.91,26.34,14.04,12.88,45.38,40.75,0.0,421.7157,1.518179,944.0,93212.33,932.2845,931.9805,0.338,1.971,2021,7,21,15,0
"2021-07-21 16:00:00",335.0,"4720",11.13,40.81,5.06,1.539,65.79,299.21999999999997,286.02,43.15,26.86,25.49,13.58,12.42,45.64,42.24,0.0,196.6077,0.7077878,535.4,93216.48,932.2679,932.0184,0.19,1.277,2021,7,21,16,0
"2021-07-21 17:00:00",336.0,"4720",11.07,35.93,4.43,1.43,52.22,298.67999999999995,285.90999999999997,47.45,26.22,24.77,13.14,12.41,47.59,42.95,0.0,101.5699,0.3656513,286.2,93227.91,932.4319,932.1892,0.098,0.502,2021,7,21,17,0
"2021-07-21 18:00:00",337.0,"4720",10.61,33.48,3.89,0.967,43.99,297.01,286.12,54.09,24.95,22.8,13.27,12.76,54.17,47.32,0.0,5.75198,0.02070714,33.11,93249.06,932.655,932.3475,0.016,0.023,2021,7,21,18,0
"2021-07-21 19:00:00",338.0,"4720",10.59,29.76,0.68,0.311,356.4,295.01,286.37,60.28,22.95,21.22,13.61,12.98,60.58,54.09,0.0,0.0,0.0,0.0,93282.39,933.0925,932.6267,-0.013,0.0,2021,7,21,19,0
"2021-07-21 20:00:00",339.0,"4720",10.54,27.04,1.95,0.361,331.0,293.65999999999997,286.41999999999996,66.78,21.39,19.58,13.64,13.04,66.9,60.21,0.0,0.0,0.0,0.0,93324.73,933.6344,933.0463,-0.012,0.0,2021,7,21,20,0
"2021-07-21 21:00:00",340.0,"4720",10.51,25.24,1.24,0.357,192.6,293.34,287.04999999999995,67.31,20.68,19.64,14.4,13.3,68.47,66.27,0.0,0.0,0.0,0.0,93377.92,933.9159,933.6116,-0.013,0.0,2021,7,21,21,0
"2021-07-21 22:00:00",341.0,"4720",10.5,25.24,2.51,0.574,241.7,293.69,287.53,67.51,20.87,20.37,14.64,14.22,68.48,67.18,0.0,0.0,0.0,0.0,93402.19,934.1533,933.88,-0.007,0.0,2021,7,21,22,0
"2021-07-21 23:00:00",342.0,"4720",10.47,25.45,1.74,0.61,308.8,293.29999999999995,287.34999999999997,70.96,20.79,19.58,14.59,14.1,71.11,66.99,0.0,0.0,0.0,0.0,93407.1,934.1985,933.9855,-0.006,0.0,2021,7,21,23,0
"2021-07-22 00:00:00",343.0,"4720",10.45,24.84,2.27,0.883,294.7,292.83,287.31,71.61,20.01,19.06,14.43,13.81,71.69,69.72,0.0,0.0,0.0,0.0,93387.09999999999,934.059,933.6987,-0.001,0.0,2021,7,22,0,0
"2021-07-22 01:00:00",344.0,"4720",10.42,24.05,2.02,0.619,277.1,291.39,286.98999999999995,75.91,19.11,18.01,14.14,13.62,76.58,71.62,0.0,0.0,0.0,0.0,93357.87,933.7572,933.3171,-0.009,0.0,2021,7,22,1,0
"2021-07-22 02:00:00",345.0,"4720",10.4,22.27,3.12,1.246,290.3,290.82,286.89,77.74,18.37,17.42,14.07,13.59,78.54,75.84,0.0,0.0,0.0,0.0,93308.62,933.3483,932.9152,0.0,0.0,2021,7,22,2,0
"2021-07-22 03:00:00",346.0,"4720",10.36,22.33,2.67,1.383,297.8,290.96,287.10999999999996,79.36,18.05,17.61,14.28,13.71,79.61,77.02,0.0,0.0,0.0,0.0,93280.5,932.9739,932.7064,0.002,0.0,2021,7,22,3,0
"2021-07-22 04:00:00",347.0,"4720",10.33,22.03,2.25,0.59,316.5,290.38,287.03999999999996,81.8,17.86,16.63,14.26,13.5,82.5,79.17,0.0,0.0,0.0,0.0,93252.89,932.7379,932.442,-0.011,0.0,2021,7,22,4,0
"2021-07-22 05:00:00",348.0,"4720",10.29,20.72,1.23,0.475,322.0,289.57,286.85999999999996,84.8,16.75,16.1,14.12,13.32,85.0,81.6,0.0,0.0,0.0,0.0,93273.58,932.957,932.597,-0.014,0.0,2021,7,22,5,0
"2021-07-22 06:00:00",349.0,"4720",10.24,20.12,1.11,0.347,339.7,289.53999999999996,287.21,86.8,16.73,16.17,14.45,13.82,87.6,84.7,0.0,0.000399602,1.438567e-06,0.136,93314.73,933.4714,932.9136,-0.016,0.0,2021,7,22,6,0
"2021-07-22 07:00:00",350.0,"4720",10.23,20.85,1.98,0.536,353.0,289.96999999999997,287.78999999999996,83.5,18.57,16.17,15.78,13.98,88.3,83.5,0.0,31.51148,0.1134414,159.9,93381.46,934.0309,933.4391,-0.005,0.164,2021,7,22,7,0
"2021-07-22 08:00:00",351.0,"4720",10.26,29.55,3.37,1.295,23.85,293.81,289.07,69.35,22.15,18.4,16.32,15.51,83.6,68.82,0.0,273.9792,0.9863244,389.2,93436.73999999999,934.6866,934.0023,0.153,0.884,2021,7,22,8,0
"2021-07-22 09:00:00",352.0,"4720",10.9,34.28,4.59,1.729,31.61,296.15,289.15,59.9,24.29,22.02,16.46,15.61,69.52,59.9,0.0,486.4629,1.75127,577.5,93485.93,935.0536,934.6508,0.32,1.629,2021,7,22,9,0
"2021-07-22 10:00:00",353.0,"4720",11.09,37.56,4.93,1.803,45.91,298.21,288.71,48.57,26.65,24.05,16.24,14.63,60.23,48.3,0.0,653.3608,2.352101,716.6,93493.76,935.0383,934.8447,0.46,2.249,2021,7,22,10,0
"2021-07-22 11:00:00",354.0,"4720",11.05,39.54,6.18,1.131,78.92,299.92999999999995,286.03999999999996,40.43,27.45,25.95,15.05,10.74,48.75,36.83,0.0,457.1114,1.645602,1000.0,93451.47,934.8874,934.1211,0.363,2.696,2021,7,22,11,0
"2021-07-22 12:00:00",355.0,"4720",11.2,41.59,5.19,1.477,142.4,300.94,284.73999999999995,32.99,29.22,26.35,12.58,10.57,41.13,32.99,0.0,736.1106,2.649989,1024.0,93363.65,934.1492,933.2159,0.56,2.898,2021,7,22,12,0
"2021-07-22 13:00:00",356.0,"4720",11.31,42.13,3.39,1.034,43.91,300.88,283.87,31.95,29.42,26.74,11.36,10.14,37.0,31.17,0.0,409.0419,1.47255,950.0,93278.94,933.2606,932.1996,0.343,2.843,2021,7,22,13,0
"2021-07-22 14:00:00",357.0,"4720",12.4,46.23,4.12,1.253,69.37,303.01,283.62,30.06,30.65,28.9,11.32,9.77,32.81,28.37,0.0,721.3755,2.596951,760.3,93173.90000000001,932.2607,931.2855,0.549,2.533,2021,7,22,14,0
"2021-07-22 15:00:00",358.0,"4720",11.31,48.07,3.86,1.169,73.98,303.39,283.46999999999997,29.66,30.95,29.63,11.27,9.67,30.81,27.72,0.0,577.1407,2.077708,705.5,93101.35,931.3298,930.7668,0.438,2.001,2021,7,22,15,0
"2021-07-22 16:00:00",359.0,"4720",11.37,48.48,4.87,1.501,141.2,303.21,284.03999999999996,34.1,30.99,28.58,11.75,10.28,34.11,28.96,0.0,408.1223,1.46924,546.3,93079.94,930.9227,930.7195,0.325,1.294,2021,7,22,16,0
"2021-07-22 17:00:00",360.0,"4720",10.87,46.65,4.51,1.644,165.0,300.98999999999995,284.44,38.59,28.76,26.34,11.9,10.94,38.79,33.97,0.0,136.4872,0.4913542,259.3,93093.66,931.0831,930.8584,0.123,0.51,2021,7,22,17,0
"2021-07-22 18:00:00",361.0,"4720",10.63,38.75,3.16,0.881,183.8,297.75,284.15999999999997,47.37,26.39,22.93,11.33,10.81,47.37,38.39,0.0,4.476498,0.01611534,23.56,93130.47,931.5338,931.0371,0.005,0.024,2021,7,22,18,0
"2021-07-22 19:00:00",362.0,"4720",10.58,31.28,2.13,0.726,193.1,295.75,284.9,51.16,23.06,22.34,12.3,11.08,51.86,47.24,0.0,0.0,0.0,0.0,93181.46,932.0671,931.5001,-0.006,0.0,2021,7,22,19,0
"2021-07-22 20:00:00",363.0,"4720",10.54,28.23,2.71,0.596,194.2,294.92999999999995,285.08,54.6,22.52,21.22,12.19,11.77,55.41,51.15,0.0,0.0,0.0,0.0,93225.31999999999,932.4421,932.0313,-0.013,0.0,2021,7,22,20,0
"2021-07-22 21:00:00",364.0,"4720",10.5,26.21,4.29,0.956,210.4,295.03999999999996,285.21999999999997,53.17,22.34,21.48,12.33,11.93,54.73,52.19,0.0,0.0,0.0,0.0,93265.54,932.9117,932.4091,0.001,0.0,2021,7,22,21,0
"2021-07-22 22:00:00",365.0,"4720",10.49,26.11,3.54,0.83,206.1,294.42999999999995,285.38,59.68,22.11,20.76,12.94,11.69,60.06,52.58,0.0,0.0,0.0,0.0,93288.31,932.9991,932.7693,-0.005,0.0,2021,7,22,22,0
"2021-07-22 23:00:00",366.0,"4720",10.46,24.85,3.86,1.229,196.2,293.62,286.09,65.75,20.96,19.78,13.36,12.62,65.86,59.55,0.0,0.0,0.0,0.0,93278.84,932.9994,932.5411,0.003,0.0,2021,7,22,23,0
"2021-07-23 00:00:00",367.0,"4720",10.44,24.3,3.03,0.972,228.2,292.45,286.64,71.22,19.99,18.92,14.07,13.19,71.31,65.62,0.0,0.0,0.0,0.0,93236.75,932.5856,932.2406,-0.007,0.0,2021,7,23,0,0
"2021-07-23 01:00:00",368.0,"4720",10.41,22.98,2.95,1.037,292.0,291.91999999999996,287.0,75.13,19.37,18.01,14.31,13.46,75.65,71.22,0.0,0.0,0.0,0.0,93204.43000000001,932.2828,931.7274,-0.008,0.0,2021,7,23,1,0
"2021-07-23 02:00:00",369.0,"4720",10.39,22.28,2.87,1.404,294.0,290.51,286.71,81.1,18.18,17.02,13.96,13.38,81.3,75.13,0.0,0.0,0.0,0.0,93149.95999999999,931.7577,931.1605,-0.005,0.0,2021,7,23,2,0
"2021-07-23 03:00:00",370.0,"4720",10.36,21.53,3.37,1.367,283.1,290.16999999999996,287.15,84.4,17.41,16.11,14.38,13.49,84.7,80.9,0.0,0.0,0.0,0.0,93084.78,931.1787,930.5573,-0.009,0.0,2021,7,23,3,0
"2021-07-23 04:00:00",371.0,"4720",10.35,21.01,3.92,0.849,195.1,289.48999999999995,287.65,92.8,16.74,15.91,15.55,13.33,93.0,84.2,0.0,0.0,0.0,0.0,93127.09999999999,931.6461,930.9334,-0.018,0.0,2021,7,23,4,0
"2021-07-23 05:00:00",372.0,"4720",10.3,21.19,2.65,0.77,251.0,289.76,288.72999999999996,92.1,17.06,16.24,16.17,14.94,94.5,91.9,0.0,0.0,0.0,0.0,93187.58,931.9788,931.5751,-0.021,0.0,2021,7,23,5,0
"2021-07-23 06:00:00",373.0,"4720",10.28,21.35,3.25,1.299,295.3,289.63,288.46,91.8,17.16,16.04,15.92,14.7,93.5,91.7,0.0,8.048855e-05,2.897588e-07,0.072,93193.48999999999,932.0668,931.8024,-0.016,0.0,2021,7,23,6,0
"2021-07-23 07:00:00",374.0,"4720",10.29,22.61,3.19,1.136,278.5,290.53,288.67999999999995,86.1,18.14,17.02,15.97,15.26,91.9,85.9,0.0,"NAN","NAN","NAN",93239.12,932.7371,932.0457,-0.008,0.166,2021,7,23,7,0
"2021-07-23 08:00:00",375.0,"4720",10.44,28.98,3.91,1.204,204.1,292.89,289.54999999999995,78.01,20.66,18.01,16.94,15.66,86.2,76.9,0.0,271.9374,0.9789737,502.0,93320.56999999999,933.713,932.7093,0.143,0.888,2021,7,23,8,0
"2021-07-23 09:00:00",376.0,"4720",10.92,32.3,5.01,1.865,192.8,293.96,289.81,76.26,22.02,20.24,17.33,16.28,79.47,73.45,0.0,388.4345,1.398364,764.1,93419.84999999999,934.6404,933.6554,0.24,1.632,2021,7,23,9,0
"2021-07-23 10:00:00",377.0,"4720",10.97,33.3,5.43,1.938,182.4,295.07,289.75,70.46,22.78,20.97,17.41,15.95,77.37,67.0,0.0,417.7711,1.50398,997.0,93486.63,935.09,934.5505,0.286,2.248,2021,7,23,10,0
"2021-07-23 11:00:00",378.0,"4720",10.8,34.37,5.97,1.917,189.1,294.62,289.85999999999996,75.27,23.53,20.64,17.24,16.08,78.29,65.57,0.0,253.3668,0.9121203,1089.0,93499.57,935.0972,934.8354,0.198,2.667,2021,7,23,11,0
"2021-07-23 12:00:00",379.0,"4720",11.04,33.44,6.87,2.131,188.8,295.72999999999996,289.16999999999996,58.96,23.99,21.29,16.98,14.83,75.62,58.73,0.0,414.2618,1.491343,999.0,93438.7,934.903,933.8325,0.309,2.861,2021,7,23,12,0
"2021-07-23 13:00:00",380.0,"4720",11.55,36.89,9.89,3.712,180.7,297.40999999999997,288.53,68.34,25.22,23.01,17.31,14.05,68.34,52.6,0.0,770.8135,2.774927,1046.0,93363.21,933.9871,933.2274,0.546,2.805,2021,7,23,13,0
"2021-07-23 14:00:00",381.0,"4720",11.05,36.92,10.8,4.083,191.7,292.85999999999996,289.09,82.8,23.14,17.49,17.03,14.82,86.3,68.11,0.0,303.7137,1.093366,1143.0,93360.68000000001,933.8422,933.1291,0.215,2.492,2021,7,23,14,0
"2021-07-23 15:00:00",382.0,"4720",11.43,28.4,9.1,3.624,192.5,291.15999999999997,287.65999999999997,83.5,18.46,17.62,15.1,13.98,83.7,76.5,0.0,222.815,0.8021342,384.3,93362.15,933.79,933.3348,0.159,1.978,2021,7,23,15,0
"2021-07-23 16:00:00",383.0,"4720",11.44,27.18,8.75,3.757,189.4,290.96,287.46,78.23,18.33,17.55,15.03,13.97,84.2,77.94,0.0,188.5322,0.6787156,446.4,93384.44,934.1653,933.3427,0.133,1.283,2021,7,23,16,0
"2021-07-23 17:00:00",384.0,"4720",10.59,26.64,6.93,2.813,190.7,290.9,287.42999999999995,86.5,18.18,17.48,15.38,13.77,86.6,76.69,0.0,56.9691,0.2050888,136.8,93430.19,934.4902,933.9307,0.061,0.508,2021,7,23,17,0
"2021-07-23 18:00:00",385.0,"4720",10.6,24.76,6.71,2.503,192.0,290.33,288.63,90.6,17.63,16.96,15.8,15.19,91.1,86.5,0.0,1.769761,0.006371138,12.37,93464.23,934.8805,934.3069,0.009,0.025,2021,7,23,18,0
"2021-07-23 19:00:00",386.0,"4720",10.56,23.5,9.48,3.124,193.1,289.71,288.19,91.4,17.14,15.97,15.59,14.57,92.2,89.5,0.0,0.002431701,8.754124e-06,0.14,93514.06,935.502,934.7059,0.009,0.0,2021,7,23,19,0
"2021-07-23 20:00:00",387.0,"4720",10.54,22.16,8.91,3.709,188.1,288.87,287.60999999999996,91.4,16.15,15.52,14.83,14.06,93.0,91.0,0.0,0.0,0.0,0.0,93588.72,936.4764,935.1362,0.008,0.0,2021,7,23,20,0
"2021-07-23 21:00:00",388.0,"4720",10.51,21.72,8.89,3.402,187.5,288.29999999999995,287.27,94.7,15.75,14.86,14.41,13.98,94.8,91.4,0.0,0.0,0.0,0.0,93676.98000000001,937.2328,936.3137,0.005,0.0,2021,7,23,21,0
"2021-07-23 22:00:00",389.0,"4720",10.49,20.79,8.87,3.177,189.9,287.88,286.94,95.0,15.03,14.6,14.26,13.55,95.1,93.2,0.0,0.0,0.0,0.0,93729.08,937.4694,936.9939,0.004,0.0,2021,7,23,22,0
"2021-07-23 23:00:00",390.0,"4720",10.47,20.54,10.08,3.823,187.5,287.72999999999996,286.97999999999996,95.4,15.1,14.27,14.41,13.52,95.6,94.7,0.0,0.04148377,0.0001493418,0.624,93736.95999999999,937.564,936.9717,0.004,0.0,2021,7,23,23,0
"2021-07-24 00:00:00",391.0,"4720",10.45,20.05,9.21,3.585,185.0,287.39,286.71999999999997,95.8,14.44,14.14,13.8,13.44,96.0,95.3,0.0,2.177925e-05,7.840531e-08,0.031,93726.77,937.459,936.9883,0.003,0.0,2021,7,24,0,0
"2021-07-24 01:00:00",392.0,"4720",10.43,19.96,9.02,3.678,186.1,287.38,286.71999999999997,95.6,14.44,14.14,13.83,13.43,96.1,95.5,0.0,1.420386e-05,5.11339e-08,0.051,93700.42,937.3049,936.4608,0.003,0.0,2021,7,24,1,0
"2021-07-24 02:00:00",393.0,"4720",10.41,19.92,10.05,3.574,183.8,287.23999999999995,286.58,95.5,14.38,13.87,13.76,13.17,96.0,95.4,0.0,0.009832862,3.53983e-05,0.239,93679.13,937.0057,936.2833,0.003,0.0,2021,7,24,2,0
"2021-07-24 03:00:00",394.0,"4720",10.37,19.63,7.81,3.735,185.8,286.95,286.14,94.0,14.05,13.68,13.34,12.73,95.6,94.0,0.0,0.03654373,0.0001315575,0.276,93647.70999999999,936.6394,936.0779,0.004,0.0,2021,7,24,3,0
"2021-07-24 04:00:00",395.0,"4720",10.32,19.51,7.43,3.47,187.2,286.71999999999997,285.71,93.1,13.86,13.22,12.91,12.12,94.2,93.0,0.0,0.02269777,8.171203e-05,0.218,93642.76999999999,936.5405,936.2043,0.005,0.0,2021,7,24,4,0
"2021-07-24 05:00:00",396.0,"4720",10.27,18.86,7.06,3.107,191.6,286.33,285.22999999999996,92.4,13.43,13.09,12.35,11.92,93.4,92.2,0.0,0.0,0.0,0.0,93662.51,936.8641,936.2017,0.005,0.0,2021,7,24,5,0
"2021-07-24 06:00:00",397.0,"4720",10.21,18.17,8.52,3.402,190.7,286.35999999999996,284.96999999999997,90.4,13.46,13.09,12.14,11.63,92.6,90.0,0.0,9.46924e-07,3.408926e-09,0.003,93699.83,937.3328,936.468,0.007,0.0,2021,7,24,6,0
"2021-07-24 07:00:00",398.0,"4720",10.17,18.65,7.16,3.281,188.7,286.39,285.33,93.8,13.53,13.15,12.43,11.74,94.2,90.3,0.0,"NAN","NAN","NAN",93783.51,938.3245,937.2225,0.015,0.17,2021,7,24,7,0
"2021-07-24 08:00:00",399.0,"4720",10.22,20.12,6.62,2.757,186.6,286.77,285.53999999999996,86.9,14.36,13.22,12.71,12.06,94.0,86.8,0.0,112.8849,0.4063847,165.0,93853.99,938.8375,938.2197,0.059,0.908,2021,7,24,8,0
"2021-07-24 09:00:00",400.0,"4720",10.61,23.5,9.2,3.569,184.1,288.4,285.13,78.71,16.36,14.2,12.59,11.51,87.0,76.43,0.0,271.7489,0.9782967,742.1,93887.92,939.0923,938.4492,0.158,1.67,2021,7,24,9,0
"2021-07-24 10:00:00",401.0,"4720",10.81,24.78,7.68,3.41,185.7,289.09,285.01,76.69,16.88,15.52,12.6,11.18,79.56,70.3,0.0,264.6154,0.9526158,1029.0,93914.72,939.2795,938.6544,0.177,2.297,2021,7,24,10,0
"2021-07-24 11:00:00",402.0,"4720",10.72,24.64,7.65,3.198,185.7,288.88,285.32,76.96,17.28,14.73,13.71,11.58,84.0,75.52,0.0,298.102,1.073166,1130.0,93917.6,939.3481,938.8734,0.188,2.721,2021,7,24,11,0
"2021-07-24 12:00:00",403.0,"4720",10.89,25.53,6.43,2.785,191.7,289.51,285.84,80.5,17.02,15.85,13.45,12.24,82.2,76.24,0.0,244.7889,0.8812398,1058.0,93850.35,938.9684,938.0557,0.169,2.906,2021,7,24,12,0
"2021-07-24 13:00:00",404.0,"4720",11.14,29.81,9.6,3.75,186.9,291.44,285.92999999999995,71.48,19.5,16.63,13.78,11.72,80.5,62.03,0.0,664.0554,2.390601,1161.0,93751.61,938.2173,936.9363,0.394,2.841,2021,7,24,13,0
"2021-07-24 14:00:00",405.0,"4720",11.42,29.81,10.88,3.792,189.0,290.38,286.07,79.82,18.8,15.91,13.78,12.31,82.7,69.92,0.0,350.438,1.261577,1041.0,93679.76999999999,937.2439,936.2634,0.227,2.53,2021,7,24,14,0
"2021-07-24 15:00:00",406.0,"4720",11.15,26.06,8.84,3.873,189.7,288.08,285.62,87.6,16.25,14.27,12.83,12.26,88.8,79.04,0.0,153.842,0.5538307,689.3,93652.15,936.6694,936.2435,0.108,2.002,2021,7,24,15,0
"2021-07-24 16:00:00",407.0,"4720",11.04,22.9,7.93,3.619,188.3,287.71,285.79999999999995,92.3,15.23,14.07,13.18,12.35,92.6,85.4,0.0,122.8999,0.4424398,480.9,93666.95,936.9515,936.3912,0.081,1.299,2021,7,24,16,0
"2021-07-24 17:00:00",408.0,"4720",10.61,22.01,8.68,3.277,187.4,286.71999999999997,285.71,94.3,14.24,13.09,13.09,12.16,94.5,92.2,0.0,"NAN","NAN","NAN",93710.33,937.4126,936.683,0.026,0.517,2021,7,24,17,0
"2021-07-24 18:00:00",409.0,"4720",10.58,19.51,6.81,2.891,186.9,286.15,285.28999999999996,94.1,13.33,12.82,12.54,11.9,95.1,94.0,0.0,1.686576,0.006071664,6.508,93743.74,937.5668,937.136,0.006,0.026,2021,7,24,18,0
"2021-07-24 19:00:00",410.0,"4720",10.56,18.95,7.45,2.751,186.6,285.96999999999997,285.13,94.9,13.06,12.69,12.21,11.88,95.2,94.1,0.0,0.001089909,3.923675e-06,0.099,93764.03,937.7471,937.1926,0.005,0.0,2021,7,24,19,0
"2021-07-24 20:00:00",411.0,"4720",10.53,18.77,7.4,2.839,185.1,285.89,285.19,96.0,12.97,12.56,12.29,11.92,96.2,94.9,0.0,0.0004081243,1.469247e-06,0.095,93781.76,938.1064,937.5637,0.004,0.0,2021,7,24,20,0
"2021-07-24 21:00:00",412.0,"4720",10.51,18.49,6.28,2.837,187.1,285.73999999999995,285.17999999999995,96.4,12.8,12.56,12.27,11.94,96.6,95.9,0.0,0.0002821833,1.01586e-06,0.112,93824.06999999999,938.4285,938.0315,0.003,0.0,2021,7,24,21,0
"2021-07-24 22:00:00",413.0,"4720",10.48,18.23,7.65,3.177,187.7,285.64,285.08,96.4,12.74,12.36,12.2,11.79,96.7,96.2,0.0,0.0007745838,2.788502e-06,0.085,93843.04,938.6132,938.1669,0.004,0.0,2021,7,24,22,0
"2021-07-24 23:00:00",414.0,"4720",10.46,18.1,6.81,3.151,187.1,285.52,284.96,96.3,12.6,12.23,12.05,11.66,96.6,96.2,0.0,0.001712985,6.166746e-06,0.109,93833.65,938.5557,938.1205,0.004,0.0,2021,7,24,23,0
"2021-07-25 00:00:00",415.0,"4720",10.43,17.86,7.6,3.244,187.8,285.23999999999995,284.66999999999996,96.2,12.35,11.97,11.8,11.37,96.5,96.0,0.0,0.008448467,3.041441e-05,0.222,93797.33,938.2299,937.666,0.004,0.0,2021,7,25,0,0
"2021-07-25 01:00:00",416.0,"4720",10.4,17.67,6.59,2.946,187.1,285.10999999999996,284.53,96.1,12.21,11.71,11.64,11.11,96.5,96.0,0.0,0.009951225,3.582441e-05,0.297,93755.62999999999,937.8594,937.2554,0.004,0.0,2021,7,25,1,0
"2021-07-25 02:00:00",417.0,"4720",10.37,17.62,7.25,2.87,188.9,284.81,284.28999999999996,96.7,11.86,11.64,11.36,11.06,96.9,96.2,0.0,0.005258275,1.892977e-05,0.249,93694.1,937.3068,936.6524,0.003,0.0,2021,7,25,2,0
"2021-07-25 03:00:00",418.0,"4720",10.35,17.31,7.9,2.873,188.2,284.78,284.28999999999996,96.7,11.82,11.57,11.34,11.06,96.9,96.5,0.0,0.0005141798,1.851046e-06,0.065,93651.83,936.7045,936.3174,0.003,0.0,2021,7,25,3,0
"2021-07-25 04:00:00",419.0,"4720",10.32,17.32,7.09,2.77,187.6,284.84,284.35999999999996,96.8,11.88,11.64,11.41,11.13,97.1,96.6,0.0,4.73462e-06,1.704463e-08,0.014,93641.07,936.5406,936.2677,0.003,0.0,2021,7,25,4,0
"2021-07-25 05:00:00",420.0,"4720",10.28,17.34,7.47,2.844,187.6,284.85999999999996,284.39,96.9,11.91,11.64,11.48,11.15,97.2,96.7,0.0,0.0003598311,1.295392e-06,0.095,93646.72,936.6443,936.3461,0.003,0.0,2021,7,25,5,0
"2021-07-25 06:00:00",421.0,"4720",10.15,17.3,7.33,2.839,190.6,284.69,284.22999999999996,96.9,11.88,11.44,11.44,10.97,97.1,96.7,0.0,0.08227067,0.0002961746,0.822,93675.40000000001,936.9875,936.5531,0.003,0.0,2021,7,25,6,0
"2021-07-25 07:00:00",422.0,"4720",10.06,17.31,7.1,2.977,188.2,284.76,284.29999999999995,96.9,11.88,11.51,11.44,11.02,97.2,96.7,0.0,27.37045,0.09853369,87.5,93734.67000000001,937.7198,936.9138,0.001,0.173,2021,7,25,7,0
"2021-07-25 08:00:00",423.0,"4720",9.78,17.89,6.92,2.818,184.2,284.95,284.47999999999996,96.9,12.46,11.51,12.0,11.01,97.3,96.4,0.0,81.44471,0.2932008,385.3,93806.76,938.6182,937.6902,0.041,0.918,2021,7,25,8,0
"2021-07-25 09:00:00",424.0,"4720",10.5,19.66,7.5,3.271,188.4,285.53,284.82,93.4,12.89,12.04,12.15,11.36,97.1,93.4,0.0,200.6568,0.722365,397.8,93857.36,938.827,938.2455,0.094,1.679,2021,7,25,9,0
"2021-07-25 10:00:00",425.0,"4720",10.88,21.54,7.49,3.211,186.4,286.33,285.15,90.2,13.95,12.62,12.83,11.56,93.8,90.2,0.0,344.7123,1.240964,1102.0,93904.42,939.2196,938.6158,0.165,2.304,2021,7,25,10,0
"2021-07-25 11:00:00",426.0,"4720",10.91,22.57,7.31,3.18,189.3,286.76,285.51,90.4,14.18,13.02,13.45,11.67,95.4,88.9,0.0,407.2759,1.466194,1227.0,93890.95999999999,939.1683,938.4133,0.199,2.729,2021,7,25,11,0
"2021-07-25 12:00:00",427.0,"4720",10.9,24.95,6.78,3.111,191.3,287.5,285.53999999999996,82.4,15.47,13.29,13.5,11.74,91.8,82.0,0.0,491.4309,1.769153,1290.0,93825.61,938.623,937.6118,0.25,2.918,2021,7,25,12,0
"2021-07-25 13:00:00",428.0,"4720",11.48,27.35,7.28,2.756,194.6,288.79999999999995,285.96999999999997,85.4,16.43,14.74,14.21,11.71,91.2,76.69,0.0,696.18,2.506249,1210.0,93740.32999999999,937.8281,936.9794,0.364,2.851,2021,7,25,13,0
"2021-07-25 14:00:00",429.0,"4720",11.41,27.25,6.9,2.739,192.1,287.26,286.03,92.8,15.47,13.61,14.04,12.32,94.7,85.5,0.0,312.4607,1.124861,812.0,93673.19,937.147,936.1338,0.163,2.539,2021,7,25,14,0
"2021-07-25 15:00:00",430.0,"4720",11.24,22.72,7.93,2.626,191.1,286.95,285.73999999999995,93.0,14.26,13.48,13.21,12.22,93.9,89.7,0.0,157.0184,0.5652668,291.3,93607.70999999999,936.3014,935.7884,0.092,2.009,2021,7,25,15,0
"2021-07-25 16:00:00",431.0,"4720",11.36,23.32,5.82,2.527,192.0,287.64,285.60999999999996,86.2,15.06,13.68,13.18,12.04,93.2,84.3,0.0,205.9691,0.7414892,654.3,93584.59,935.9657,935.6197,0.11,1.307,2021,7,25,16,0
"2021-07-25 17:00:00",432.0,"4720",10.67,25.04,6.48,2.253,194.2,287.90999999999997,285.42999999999995,88.9,15.86,13.87,13.11,11.95,89.5,80.9,0.0,"NAN","NAN","NAN",93607.9,936.3229,935.6722,0.052,0.523,2021,7,25,17,0
"2021-07-25 18:00:00",433.0,"4720",10.6,21.69,6.04,1.85,199.3,286.47999999999996,285.06,92.1,14.05,12.89,12.37,11.61,92.7,88.9,0.0,2.905594,0.01046016,23.09,93640.98,936.6133,936.2128,0.008,0.026,2021,7,25,18,0
"2021-07-25 19:00:00",434.0,"4720",10.56,19.1,3.83,1.382,201.2,285.85999999999996,284.60999999999996,92.2,13.13,12.36,11.92,11.12,92.8,91.2,0.0,0.0,0.0,0.0,93667.31,936.8685,936.509,0.005,0.0,2021,7,25,19,0
"2021-07-25 20:00:00",435.0,"4720",10.55,18.16,4.94,1.951,193.1,285.59,284.60999999999996,94.7,12.73,12.3,11.92,11.14,94.8,92.2,0.0,0.0,0.0,0.0,93706.56,937.3398,936.8226,0.005,0.0,2021,7,25,20,0
"2021-07-25 21:00:00",436.0,"4720",10.52,18.28,5.77,2.295,189.8,285.89,285.09999999999997,94.7,12.93,12.56,12.16,11.74,95.1,94.7,0.0,0.0,0.0,0.0,93743.0,937.6289,937.2231,0.004,0.0,2021,7,25,21,0
"2021-07-25 22:00:00",437.0,"4720",10.51,18.22,6.22,2.501,189.4,285.79999999999995,284.90999999999997,94.1,12.93,12.56,12.1,11.6,94.8,93.8,0.0,1.420386e-05,5.11339e-08,0.031,93746.41,937.5691,937.1213,0.005,0.0,2021,7,25,22,0
"2021-07-25 23:00:00",438.0,"4720",10.48,18.17,6.24,2.469,188.1,285.65,284.82,94.9,12.74,12.36,11.91,11.56,95.2,94.1,0.0,0.0,0.0,0.0,93737.29,937.5372,937.1656,0.005,0.0,2021,7,25,23,0
"2021-07-26 00:00:00",439.0,"4720",10.47,17.79,6.48,2.84,184.0,285.40999999999997,284.72999999999996,96.1,12.56,12.1,11.85,11.46,96.2,94.9,0.0,8.332932e-05,2.999855e-07,0.089,93725.56,937.414,937.028,0.004,0.0,2021,7,26,0,0
"2021-07-26 01:00:00",440.0,"4720",10.45,17.6,7.28,2.763,187.1,285.16999999999996,284.59999999999997,96.3,12.28,11.84,11.7,11.27,96.5,95.8,0.0,0.000684626,2.464654e-06,0.116,93685.74,937.1479,936.4576,0.003,0.0,2021,7,26,1,0
"2021-07-26 02:00:00",441.0,"4720",10.43,17.46,7.11,2.82,184.8,284.95,284.4,96.4,12.08,11.71,11.53,11.14,96.7,96.2,0.0,1.136309e-05,4.090712e-08,0.041,93605.0,936.5054,935.6804,0.003,0.0,2021,7,26,2,0
"2021-07-26 03:00:00",442.0,"4720",10.4,17.21,7.99,2.824,187.3,284.89,284.33,96.2,12.01,11.64,11.44,11.05,96.6,96.1,0.0,0.0002736611,9.851797e-07,0.065,93541.26,935.8691,935.1036,0.003,0.0,2021,7,26,3,0
"2021-07-26 04:00:00",443.0,"4720",10.36,17.31,7.28,2.866,189.5,284.87,284.32,96.4,11.95,11.64,11.39,11.09,96.7,96.2,0.0,0.001088016,3.916855e-06,0.123,93496.83,935.194,934.7902,0.003,0.0,2021,7,26,4,0
"2021-07-26 05:00:00",444.0,"4720",10.34,17.15,6.81,2.873,190.6,284.65999999999997,284.15,96.7,11.82,11.25,11.32,10.73,97.0,96.4,0.0,0.01540268,5.544955e-05,0.344,93502.31999999999,935.1503,934.9355,0.003,0.0,2021,7,26,5,0
"2021-07-26 06:00:00",445.0,"4720",10.29,17.0,7.4,2.74,189.9,284.62,284.15999999999997,97.0,11.75,11.31,11.3,10.81,97.2,96.7,0.0,0.07387805,0.0002659612,0.842,93528.01,935.6566,934.9371,0.002,0.0,2021,7,26,6,0
"2021-07-26 07:00:00",446.0,"4720",10.24,17.19,6.73,3.1,189.5,284.69,284.25,97.2,11.75,11.44,11.34,10.98,97.4,96.9,0.0,"NAN","NAN","NAN",93595.33,936.3304,935.5531,0.007,0.176,2021,7,26,7,0
"2021-07-26 08:00:00",447.0,"4720",10.25,17.93,7.72,3.014,189.4,284.84,284.41999999999996,96.8,12.14,11.51,11.74,11.08,97.4,96.8,0.0,96.54251,0.3475531,224.2,93664.36,936.9332,936.2991,0.044,0.924,2021,7,26,8,0
"2021-07-26 09:00:00",448.0,"4720",10.48,18.44,7.07,3.294,186.7,284.92999999999995,284.42999999999995,96.7,12.21,11.58,11.72,11.04,97.1,96.3,0.0,126.0264,0.4536951,240.5,93726.28,937.5922,936.6729,0.064,1.689,2021,7,26,9,0
"2021-07-26 10:00:00",449.0,"4720",10.72,23.48,6.35,2.983,189.2,286.22999999999996,285.28,86.3,14.6,12.03,12.97,11.45,96.9,86.3,0.0,447.7308,1.611834,1024.0,93747.74,937.6218,937.2521,0.206,2.312,2021,7,26,10,0
"2021-07-26 11:00:00",450.0,"4720",11.05,26.95,7.42,2.657,193.3,288.73999999999995,285.72999999999996,76.69,16.34,14.27,13.48,11.83,88.8,76.3,0.0,657.7588,2.367929,1241.0,93724.31,937.5808,936.7382,0.346,2.736,2021,7,26,11,0
"2021-07-26 12:00:00",451.0,"4720",11.41,27.17,7.4,2.413,193.2,289.40999999999997,285.78999999999996,80.4,16.87,15.65,13.78,11.84,83.5,75.78,0.0,473.8245,1.705768,1218.0,93662.59,936.9219,936.0833,0.277,2.926,2021,7,26,12,0
"2021-07-26 13:00:00",452.0,"4720",11.57,27.53,5.57,2.013,203.1,289.60999999999996,286.03,78.52,17.01,15.98,13.76,12.35,83.0,77.02,0.0,399.7173,1.438984,1050.0,93599.91,936.3669,935.6948,0.242,2.86,2021,7,26,13,0
"2021-07-26 14:00:00",453.0,"4720",11.5,26.94,5.72,1.833,203.7,289.92999999999995,285.97999999999996,76.5,17.5,16.24,13.44,12.3,80.1,74.48,0.0,355.7168,1.280581,1017.0,93527.75,935.825,934.7454,0.222,2.549,2021,7,26,14,0
"2021-07-26 15:00:00",454.0,"4720",11.22,28.57,5.72,1.99,198.7,290.12,285.90999999999997,81.6,17.92,15.91,13.32,12.16,81.7,72.0,0.0,244.6948,0.8809022,884.0,93473.24,934.8675,934.5804,0.164,2.017,2021,7,26,15,0
"2021-07-26 16:00:00",455.0,"4720",10.72,25.79,5.04,2.061,190.8,288.46999999999997,286.16999999999996,89.4,16.02,14.53,13.48,12.6,89.4,81.3,0.0,90.27413,0.3249868,151.5,93475.61,934.906,934.5377,0.07,1.311,2021,7,26,16,0
"2021-07-26 17:00:00",456.0,"4720",10.61,23.0,4.59,1.981,188.7,287.34999999999997,286.35999999999996,94.9,14.67,14.0,13.56,12.75,95.1,89.3,0.0,"NAN","NAN","NAN",93493.44,935.0673,934.7661,0.029,0.526,2021,7,26,17,0
"2021-07-26 18:00:00",457.0,"4720",10.59,20.41,4.29,1.552,199.9,286.78999999999996,286.01,95.2,14.24,13.41,13.46,12.62,95.5,94.4,0.0,4.462916,0.01606649,20.84,93517.57,935.3076,935.0398,0.0,0.027,2021,7,26,18,0
"2021-07-26 19:00:00",458.0,"4720",10.55,18.86,6.37,1.9,197.6,286.22999999999996,285.38,94.1,13.85,11.97,13.09,10.96,95.3,93.3,0.0,0.1763798,0.0006349672,2.233,93552.31,935.8428,935.1681,0.0,0.0,2021,7,26,19,0
"2021-07-26 20:00:00",459.0,"4720",10.51,17.98,4.22,1.265,209.5,285.38,284.5,94.0,12.47,12.03,11.59,11.1,94.8,93.9,0.0,0.0,0.0,0.0,93594.34,936.1554,935.7945,-0.001,0.0,2021,7,26,20,0
"2021-07-26 21:00:00",460.0,"4720",10.52,17.5,4.86,1.331,204.1,285.65999999999997,284.42999999999995,91.3,12.8,12.23,11.56,11.13,94.2,90.6,0.0,0.0,0.0,0.0,93615.42,936.3351,935.9746,0.0,0.0,2021,7,26,21,0
"2021-07-26 22:00:00",461.0,"4720",10.5,17.34,6.28,1.612,203.8,285.85999999999996,284.78999999999996,94.5,12.93,12.49,11.97,11.12,94.6,91.3,0.0,0.0,0.0,0.0,93627.66,936.3868,936.0406,0.001,0.0,2021,7,26,22,0
"2021-07-26 23:00:00",462.0,"4720",10.47,17.4,6.78,2.478,194.0,285.71999999999997,284.95,94.9,12.86,12.43,12.1,11.63,95.5,94.3,0.0,0.0,0.0,0.0,93607.42,936.2646,935.8956,0.001,0.0,2021,7,26,23,0
"2021-07-27 00:00:00",463.0,"4720",10.47,17.38,6.02,1.881,200.3,285.23999999999995,284.47999999999996,95.5,12.63,11.64,11.88,10.91,95.7,94.5,0.0,0.0,0.0,0.0,93579.69,936.1014,935.4243,0.0,0.0,2021,7,27,0,0
"2021-07-27 01:00:00",464.0,"4720",10.44,16.2,7.45,1.821,229.3,284.65,283.89,93.8,11.84,11.38,11.18,10.43,95.7,93.8,0.0,0.0,0.0,0.0,93512.66,935.5166,934.6388,0.0,0.0,2021,7,27,1,0
"2021-07-27 02:00:00",465.0,"4720",10.43,15.59,5.93,1.693,217.2,284.53,283.39,91.8,11.62,11.31,10.67,10.04,94.0,91.7,0.0,0.0,0.0,0.0,93474.48000000001,934.9024,934.4805,0.001,0.0,2021,7,27,2,0
"2021-07-27 03:00:00",466.0,"4720",10.4,15.19,5.5,1.65,214.7,284.42999999999995,283.22999999999996,92.8,11.56,11.11,10.3,9.97,93.0,91.5,0.0,0.0,0.0,0.0,93455.35,934.693,934.3914,0.001,0.0,2021,7,27,3,0
"2021-07-27 04:00:00",467.0,"4720",10.38,14.91,4.37,1.317,210.3,284.15,283.09999999999997,93.1,11.29,10.85,10.23,9.77,93.7,92.6,0.0,0.0,0.0,0.0,93458.94,934.7308,934.496,0.0,0.0,2021,7,27,4,0
"2021-07-27 05:00:00",468.0,"4720",10.34,14.67,5.35,1.441,200.7,283.81,282.85999999999996,93.3,11.08,10.52,10.05,9.55,94.7,93.0,0.0,0.0,0.0,0.0,93471.53,934.7741,934.5703,0.0,0.0,2021,7,27,5,0
"2021-07-27 06:00:00",469.0,"4720",10.33,14.46,5.72,1.634,212.2,284.04999999999995,282.94,93.4,11.16,10.65,10.09,9.56,93.6,92.2,0.0,0.07795459,0.0002806365,1.81,93481.26,935.1021,934.5369,0.001,0.0,2021,7,27,6,0
"2021-07-27 07:00:00",470.0,"4720",10.31,15.77,5.36,1.497,207.8,284.52,283.60999999999996,94.4,12.34,10.92,11.51,9.87,94.8,93.2,0.0,45.62496,0.16425,203.7,93527.25,935.4473,934.993,-0.011,0.18,2021,7,27,7,0
"2021-07-27 08:00:00",471.0,"4720",10.42,19.12,7.65,2.455,195.4,285.73999999999995,284.73999999999995,91.4,13.26,12.23,12.03,11.3,94.5,91.0,0.0,175.853,0.6330708,583.0,93551.01,935.7546,935.2208,0.073,0.93,2021,7,27,8,0
"2021-07-27 09:00:00",472.0,"4720",10.76,22.79,7.08,2.856,192.6,286.84,285.16999999999996,87.7,14.84,12.89,12.86,11.43,92.4,86.3,0.0,381.7789,1.374404,907.0,93609.56,936.4425,935.5977,0.178,1.692,2021,7,27,9,0
"2021-07-27 10:00:00",473.0,"4720",11.0,26.13,6.87,2.743,192.8,288.40999999999997,285.56,78.32,16.25,14.47,13.23,11.92,88.1,77.99,0.0,586.1885,2.110278,983.0,93645.75,936.6148,936.1431,0.3,2.319,2021,7,27,10,0
"2021-07-27 11:00:00",474.0,"4720",11.25,29.12,7.34,2.742,193.9,290.21999999999997,285.52,68.81,18.26,15.78,13.26,11.71,80.5,68.22,0.0,771.2112,2.776358,1040.0,93621.28,936.4786,935.9207,0.428,2.748,2021,7,27,11,0
"2021-07-27 12:00:00",475.0,"4720",11.64,30.18,7.71,2.806,192.9,290.98999999999995,285.56,72.85,18.42,17.1,13.36,11.52,74.73,67.05,0.0,747.0218,2.689274,1190.0,93574.48000000001,936.079,935.242,0.433,2.938,2021,7,27,12,0
"2021-07-27 13:00:00",476.0,"4720",11.63,32.49,6.74,2.556,188.9,291.72999999999996,285.59,65.55,19.52,17.88,13.23,11.45,72.92,62.75,0.0,743.2524,2.675708,1141.0,93508.81000000001,935.3452,934.7272,0.445,2.875,2021,7,27,13,0
"2021-07-27 14:00:00",477.0,"4720",11.45,33.38,6.78,2.251,193.4,292.23999999999995,285.32,60.8,20.04,18.21,12.94,11.37,67.78,60.8,0.0,586.4263,2.111133,1002.0,93427.95999999999,934.8629,933.8035,0.37,2.565,2021,7,27,14,0
"2021-07-27 15:00:00",478.0,"4720",11.38,35.1,6.23,2.175,189.1,292.77,285.17999999999995,60.29,20.58,18.55,12.8,11.27,65.93,57.61,0.0,513.7416,1.849468,715.3,93362.86,933.964,933.3994,0.327,2.031,2021,7,27,15,0
"2021-07-27 16:00:00",479.0,"4720",11.42,35.14,6.08,2.163,191.2,292.89,285.17999999999995,62.13,20.53,19.26,12.57,11.36,63.47,58.65,0.0,350.8475,1.26305,517.7,93327.42,933.5444,933.0621,0.225,1.323,2021,7,27,16,0
"2021-07-27 17:00:00",480.0,"4720",10.99,33.81,5.39,1.862,191.6,291.59999999999997,285.15999999999997,70.24,19.77,17.48,12.58,11.68,70.39,61.58,0.0,115.4705,0.4156943,287.4,93330.26,933.4193,933.1802,0.078,0.534,2021,7,27,17,0
"2021-07-27 18:00:00",481.0,"4720",10.62,27.62,4.08,1.089,205.8,289.72999999999996,285.09,77.21,17.62,15.71,12.35,11.71,77.39,70.24,0.0,"NAN","NAN","NAN",93334.79999999999,933.4505,933.2095,-0.002,0.028,2021,7,27,18,0
"2021-07-27 19:00:00",482.0,"4720",10.57,23.13,3.59,1.083,199.2,288.47999999999996,284.96,81.1,15.82,15.05,12.03,11.71,81.1,77.2,0.0,0.0,0.0,0.0,93348.83,933.668,933.3603,-0.008,0.0,2021,7,27,19,0
"2021-07-27 20:00:00",483.0,"4720",10.54,20.83,3.94,1.407,199.4,287.90999999999997,285.27,90.0,15.23,14.33,12.88,11.79,90.1,80.9,0.0,0.0,0.0,0.0,93369.87000000001,933.9171,933.5225,-0.007,0.0,2021,7,27,20,0
"2021-07-27 21:00:00",484.0,"4720",10.52,19.96,5.33,1.695,198.5,287.64,286.35999999999996,92.8,14.74,14.33,13.57,12.72,93.0,90.0,0.0,0.0,0.0,0.0,93389.77,934.0323,933.7213,-0.01,0.0,2021,7,27,21,0
"2021-07-27 22:00:00",485.0,"4720",10.49,20.13,4.46,1.666,196.6,287.62,286.62,94.2,14.7,14.33,13.7,13.39,94.3,92.8,0.0,0.0,0.0,0.0,93373.68000000001,933.8888,933.5812,-0.011,0.0,2021,7,27,22,0
"2021-07-27 23:00:00",486.0,"4720",10.48,19.95,4.3,1.582,194.5,287.46,286.47999999999996,93.2,14.57,14.2,13.64,13.13,94.3,93.2,0.0,0.0,0.0,0.0,93341.74,933.6586,933.2357,-0.012,0.0,2021,7,27,23,0
"2021-07-28 00:00:00",487.0,"4720",10.47,19.62,4.54,1.481,199.5,287.52,286.40999999999997,92.8,14.58,14.2,13.47,13.12,93.4,92.7,0.0,0.0,0.0,0.0,93312.55,933.3291,933.0477,-0.012,0.0,2021,7,28,0,0
"2021-07-28 01:00:00",488.0,"4720",10.44,19.74,4.18,1.681,188.6,287.51,286.35999999999996,92.5,14.58,14.27,13.44,13.08,93.0,92.5,0.0,0.0,0.0,0.0,93287.77,933.1172,932.5763,-0.011,0.0,2021,7,28,1,0
"2021-07-28 02:00:00",489.0,"4720",10.44,19.49,4.8,1.992,189.1,287.31,286.26,93.9,14.45,13.94,13.35,12.97,94.0,92.5,0.0,0.0,0.0,0.0,93252.3,932.6503,932.3828,-0.009,0.0,2021,7,28,2,0
"2021-07-28 03:00:00",490.0,"4720",10.42,19.29,5.45,1.909,185.9,286.97999999999996,286.04999999999995,93.6,14.06,13.74,13.18,12.72,94.8,93.5,0.0,0.0,0.0,0.0,93227.20000000001,932.4735,932.1227,-0.01,0.0,2021,7,28,3,0
"2021-07-28 04:00:00",491.0,"4720",10.37,19.02,6.12,2.232,186.0,286.82,285.84,94.0,13.96,13.54,12.96,12.59,94.2,93.3,0.0,0.0,0.0,0.0,93223.33,932.299,932.0781,-0.009,0.0,2021,7,28,4,0
"2021-07-28 05:00:00",492.0,"4720",10.36,18.9,4.8,2.009,185.9,286.71999999999997,285.78999999999996,94.2,13.79,13.48,12.87,12.55,94.3,93.8,0.0,0.0,0.0,0.0,93232.27,932.6053,932.1311,-0.01,0.0,2021,7,28,5,0
"2021-07-28 06:00:00",493.0,"4720",10.35,18.76,3.9,1.616,190.9,286.59,285.76,95.3,13.66,13.35,12.86,12.53,95.4,94.1,0.0,0.01056483,3.803339e-05,0.474,93268.51000000001,932.8921,932.5201,-0.012,0.0,2021,7,28,6,0
"2021-07-28 07:00:00",494.0,"4720",10.33,18.65,3.76,1.421,198.1,286.7,286.0,95.3,13.85,13.41,13.16,12.66,95.8,95.1,0.0,"NAN","NAN","NAN",93314.07,933.5056,932.8084,0.006,0.182,2021,7,28,7,0
"2021-07-28 08:00:00",495.0,"4720",10.38,20.02,3.67,1.386,191.5,287.10999999999996,286.13,92.0,14.44,13.68,13.29,12.77,95.5,91.9,0.0,62.49335,0.2249761,112.5,93379.97,934.159,933.4528,0.042,0.931,2021,7,28,8,0
"2021-07-28 09:00:00",496.0,"4720",10.51,22.86,4.87,1.776,188.5,288.16999999999996,285.84999999999997,79.42,16.02,14.27,13.24,12.15,92.0,79.29,0.0,200.4143,0.7214921,423.7,93441.48,934.6969,934.1121,0.119,1.696,2021,7,28,9,0
"2021-07-28 10:00:00",497.0,"4720",11.0,27.79,3.89,1.304,202.8,290.34999999999997,285.71,67.57,18.56,15.71,13.32,12.0,80.9,67.05,0.0,397.1572,1.429766,1018.0,93475.18,934.8688,934.5538,0.243,2.327,2021,7,28,10,0
"2021-07-28 11:00:00",498.0,"4720",11.0,32.73,5.03,1.723,183.2,292.31,285.07,58.0,20.91,17.88,12.86,11.2,68.56,55.58,0.0,707.0681,2.545446,1021.0,93444.44,934.7422,934.1858,0.438,2.763,2021,7,28,11,0
"2021-07-28 12:00:00",499.0,"4720",11.3,33.51,4.63,1.7,194.2,293.64,284.69,54.09,21.58,19.33,12.87,10.54,63.58,52.06,0.0,731.7657,2.634356,1132.0,93354.19,934.2405,932.8315,0.476,2.958,2021,7,28,12,0
"2021-07-28 13:00:00",500.0,"4720",11.45,36.03,5.88,2.072,187.9,294.57,285.21,57.96,22.59,20.45,13.41,10.76,59.9,50.31,0.0,759.2385,2.733257,1059.0,93250.01,932.9081,932.1243,0.502,2.889,2021,7,28,13,0
"2021-07-28 14:00:00",501.0,"4720",11.51,36.66,6.07,2.486,186.7,294.12,285.96,60.22,21.83,19.92,13.77,11.95,62.11,56.63,0.0,687.4505,2.474822,975.0,93197.99,932.2781,931.7,0.447,2.568,2021,7,28,14,0
"2021-07-28 15:00:00",502.0,"4720",11.45,37.49,5.87,2.571,183.3,293.79999999999995,286.28,62.69,21.55,19.99,13.94,12.43,64.67,60.09,0.0,603.626,2.17305,729.4,93153.78,931.8114,931.2844,0.387,2.031,2021,7,28,15,0
"2021-07-28 16:00:00",503.0,"4720",11.19,37.32,7.09,2.684,184.4,292.64,286.23999999999995,69.72,20.77,18.47,13.8,12.46,70.5,61.97,0.0,310.1547,1.116559,511.2,93125.09999999999,931.3824,931.062,0.207,1.325,2021,7,28,16,0
"2021-07-28 17:00:00",504.0,"4720",10.65,32.34,5.83,2.589,185.0,290.51,286.15,78.44,18.62,16.63,13.56,12.45,80.0,69.72,0.0,58.62592,0.2110531,216.6,93140.62,931.6229,931.1727,0.068,0.536,2021,7,28,17,0
"2021-07-28 18:00:00",505.0,"4720",10.6,26.11,6.06,1.825,200.3,289.09,286.07,85.1,16.73,15.51,13.23,12.73,85.2,78.32,0.0,5.660153,0.02037654,25.05,93173.19,932.0317,931.4165,-0.002,0.029,2021,7,28,18,0
"2021-07-28 19:00:00",506.0,"4720",10.54,22.73,3.55,1.094,217.4,288.47999999999996,286.2,88.0,15.69,14.92,13.27,12.91,88.1,85.0,0.0,0.0,0.0,0.0,93209.42,932.3987,931.9077,-0.014,0.0,2021,7,28,19,0
"2021-07-28 20:00:00",507.0,"4720",10.51,21.31,3.9,1.311,201.4,287.73999999999995,286.2,91.9,15.05,14.4,13.41,12.91,92.0,88.0,0.0,0.0,0.0,0.0,93257.4,932.7053,932.3331,-0.014,0.0,2021,7,28,20,0
"2021-07-28 21:00:00",508.0,"4720",10.49,20.53,4.87,1.685,195.9,287.81,286.54999999999995,92.1,14.9,14.47,13.67,13.17,92.6,91.8,0.0,0.0,0.0,0.0,93255.8,932.7184,932.3904,-0.013,0.0,2021,7,28,21,0
"2021-07-28 22:00:00",509.0,"4720",10.47,20.43,4.89,1.915,190.9,287.72999999999996,286.53,92.1,14.77,14.53,13.59,13.27,92.9,92.1,0.0,0.0,0.0,0.0,93255.38,932.7474,932.3591,-0.011,0.0,2021,7,28,22,0
"2021-07-28 23:00:00",510.0,"4720",10.44,20.32,4.87,1.698,191.0,287.79999999999995,286.53999999999996,92.5,14.9,14.53,13.64,13.28,92.6,91.7,0.0,0.0,0.0,0.0,93271.47,932.7974,932.559,-0.012,0.0,2021,7,28,23,0
"2021-07-29 00:00:00",511.0,"4720",10.42,20.14,3.85,1.468,189.5,287.65999999999997,286.47999999999996,92.4,14.77,14.4,13.62,13.17,92.9,92.3,0.0,0.0,0.0,0.0,93286.71,932.9944,932.5515,-0.014,0.0,2021,7,29,0,0
"2021-07-29 01:00:00",512.0,"4720",10.4,19.87,3.52,1.493,188.8,287.4,286.25,93.7,14.58,13.81,13.41,12.78,93.8,92.3,0.0,0.0,0.0,0.0,93291.38,933.0704,932.8278,-0.014,0.0,2021,7,29,1,0
"2021-07-29 02:00:00",513.0,"4720",10.38,19.15,3.84,1.566,192.8,287.06,286.02,93.2,14.18,13.74,13.12,12.75,94.2,92.9,0.0,0.0,0.0,0.0,93270.14,932.9431,932.4599,-0.014,0.0,2021,7,29,2,0
"2021-07-29 03:00:00",514.0,"4720",10.34,19.09,4.79,1.839,193.8,286.78,285.76,94.0,14.03,13.35,12.97,12.36,94.1,93.0,0.0,0.0,0.0,0.0,93247.18000000001,932.5743,932.3104,-0.013,0.0,2021,7,29,3,0
"2021-07-29 04:00:00",515.0,"4720",10.34,18.44,4.11,1.734,194.0,286.25,285.41999999999996,95.2,13.52,12.95,12.61,12.11,95.4,93.9,0.0,0.0,0.0,0.0,93231.56999999999,932.4271,932.2496,-0.014,0.0,2021,7,29,4,0
"2021-07-29 05:00:00",516.0,"4720",10.29,17.7,3.36,1.301,198.2,286.15999999999997,285.41999999999996,95.2,13.26,12.89,12.52,12.13,95.5,95.0,0.0,0.0,0.0,0.0,93243.34,932.5129,932.2899,-0.017,0.0,2021,7,29,5,0
"2021-07-29 06:00:00",517.0,"4720",10.27,17.7,3.87,1.298,195.7,286.25,285.46999999999997,94.6,13.39,12.95,12.64,12.19,95.4,94.5,0.0,0.02612659,9.405568e-05,0.845,93282.83,933.269,932.4003,-0.017,0.0,2021,7,29,6,0
"2021-07-29 07:00:00",518.0,"4720",10.25,18.21,2.06,0.768,205.4,286.45,285.56,93.6,13.79,13.15,12.79,12.24,94.8,93.6,0.0,25.9558,0.09344085,64.23,93356.55,933.9052,933.2395,0.002,0.186,2021,7,29,7,0
"2021-07-29 08:00:00",519.0,"4720",10.36,20.5,2.05,0.936,176.9,287.28,285.83,88.4,14.72,13.61,12.98,12.5,93.9,88.4,0.0,101.7552,0.3663186,141.7,93413.35,934.4568,933.8591,0.057,0.939,2021,7,29,8,0
"2021-07-29 09:00:00",520.0,"4720",10.64,23.94,2.12,0.849,173.7,288.39,285.84,77.99,16.29,14.53,13.28,11.98,88.6,77.41,0.0,233.2732,0.8397834,528.8,93463.3,934.8531,934.4248,0.135,1.705,2021,7,29,9,0
"2021-07-29 10:00:00",521.0,"4720",10.99,31.87,4.13,1.383,151.4,291.12,285.78,65.68,19.06,16.17,13.4,12.05,78.7,65.23,0.0,702.6406,2.529509,820.0,93495.51,935.0632,934.8129,0.412,2.336,2021,7,29,10,0
"2021-07-29 11:00:00",522.0,"4720",11.06,34.48,4.07,1.288,156.5,293.47999999999996,285.07,51.23,22.02,18.74,12.84,10.47,66.92,48.61,0.0,696.8715,2.508742,1126.0,93487.15,935.0764,934.6462,0.447,2.773,2021,7,29,11,0
"2021-07-29 12:00:00",523.0,"4720",11.65,35.55,4.87,1.717,174.4,294.66999999999996,283.95,47.05,22.8,20.71,12.07,9.74,54.25,45.74,0.0,705.6245,2.540248,1171.0,93435.58,934.7662,934.0081,0.479,2.976,2021,7,29,12,0
"2021-07-29 13:00:00",524.0,"4720",11.55,35.29,6.62,1.516,176.8,294.96,283.33,45.42,22.73,21.23,10.88,9.5,49.96,45.16,0.0,449.2706,1.617373,1131.0,93356.46,934.0544,933.121,0.338,2.918,2021,7,29,13,0
"2021-07-29 14:00:00",525.0,"4720",11.94,35.11,4.44,1.464,182.2,295.17999999999995,282.92999999999995,45.74,22.47,21.76,10.46,9.26,47.39,44.17,0.0,427.0761,1.53747,722.8,93298.08,933.1591,932.7136,0.322,2.605,2021,7,29,14,0
"2021-07-29 15:00:00",526.0,"4720",11.47,35.39,5.72,1.463,190.2,295.46999999999997,283.03999999999996,48.41,23.32,21.3,10.5,9.36,48.66,42.75,0.0,351.4056,1.265062,810.0,93258.62,932.7484,932.2854,0.271,2.064,2021,7,29,15,0
"2021-07-29 16:00:00",527.0,"4720",11.36,33.68,4.13,1.575,178.7,294.16999999999996,283.04999999999995,49.26,21.51,20.7,10.43,9.54,50.0,47.83,0.0,157.2469,0.5660883,232.6,93249.51,932.6116,932.42,0.154,1.349,2021,7,29,16,0
"2021-07-29 17:00:00",528.0,"4720",10.76,29.79,5.19,1.861,182.6,293.33,283.58,57.47,21.02,19.25,11.17,9.46,57.53,48.08,0.0,94.07966,0.338686,248.4,93279.98999999999,933.0242,932.5116,0.096,0.547,2021,7,29,17,0
"2021-07-29 18:00:00",529.0,"4720",10.59,27.12,4.96,1.336,190.7,291.35999999999996,283.48999999999995,63.91,19.43,17.09,10.91,10.06,64.53,56.62,0.0,4.914265,0.01769135,29.82,93308.37,933.2561,932.9675,0.021,0.029,2021,7,29,18,0
"2021-07-29 19:00:00",530.0,"4720",10.57,23.26,2.76,0.929,191.8,290.06,283.52,65.56,17.28,16.69,10.65,10.17,66.6,63.91,0.0,0.0,0.0,0.0,93340.07,933.656,933.1818,0.007,0.0,2021,7,29,19,0
"2021-07-29 20:00:00",531.0,"4720",10.55,22.03,3.09,1.193,192.9,289.88,283.63,68.15,17.07,16.56,10.89,10.24,68.51,65.28,0.0,0.0,0.0,0.0,93391.56,934.2131,933.5764,0.011,0.0,2021,7,29,20,0
"2021-07-29 21:00:00",532.0,"4720",10.52,21.84,2.39,0.92,196.1,289.57,283.82,68.86,16.74,16.23,10.95,10.47,69.49,67.95,0.0,0.0,0.0,0.0,93432.19,934.4858,934.1691,0.005,0.0,2021,7,29,21,0
"2021-07-29 22:00:00",533.0,"4720",10.5,21.33,2.24,0.819,197.8,289.39,283.42999999999995,66.65,16.54,16.1,10.7,9.93,68.91,66.51,0.0,0.0,0.0,0.0,93451.61,934.7189,934.3828,0.004,0.0,2021,7,29,22,0
"2021-07-29 23:00:00",534.0,"4720",10.49,20.82,2.57,0.635,200.6,289.15,283.01,68.08,16.34,15.71,10.24,9.63,68.32,65.66,0.0,0.0,0.0,0.0,93457.6,934.7005,934.4907,0.0,0.0,2021,7,29,23,0
"2021-07-30 00:00:00",535.0,"4720",10.46,20.37,3.08,0.842,206.7,288.98999999999995,282.73999999999995,68.01,16.2,15.51,10.0,9.42,68.22,64.88,0.0,0.0,0.0,0.0,93466.74,934.7245,934.576,0.005,0.0,2021,7,30,0,0
"2021-07-30 01:00:00",536.0,"4720",10.44,19.96,2.54,0.941,198.6,288.22999999999996,282.71999999999997,71.63,15.62,14.4,9.85,9.33,71.74,67.88,0.0,0.0,0.0,0.0,93453.14,934.6617,934.3528,0.005,0.0,2021,7,30,1,0
"2021-07-30 02:00:00",537.0,"4720",10.41,18.5,2.28,0.654,194.3,287.14,282.17999999999995,73.02,14.64,13.28,9.54,8.55,73.28,70.87,0.0,0.0,0.0,0.0,93418.09,934.4069,933.9238,-0.002,0.0,2021,7,30,2,0
"2021-07-30 03:00:00",538.0,"4720",10.4,16.83,2.36,0.611,259.3,286.47999999999996,281.52,69.89,14.08,12.95,8.72,8.17,73.75,68.58,0.0,0.0,0.0,0.0,93398.5,934.0942,933.8916,-0.003,0.0,2021,7,30,3,0
"2021-07-30 04:00:00",539.0,"4720",10.36,16.69,2.95,1.321,281.7,286.5,281.7,73.37,13.99,12.95,8.9,8.3,73.86,69.89,0.0,0.0,0.0,0.0,93431.8,934.4492,934.0732,0.008,0.0,2021,7,30,4,0
"2021-07-30 05:00:00",540.0,"4720",10.32,16.31,2.23,1.018,277.8,285.96999999999997,281.40999999999997,75.3,13.09,12.43,8.51,8.14,75.3,73.08,0.0,0.0,0.0,0.0,93463.87,934.8585,934.4164,0.003,0.0,2021,7,30,5,0
"2021-07-30 06:00:00",541.0,"4720",10.29,15.85,2.28,0.804,282.6,285.21,281.23999999999995,78.63,12.77,11.57,8.47,7.779,78.81,74.32,0.0,0.001629656,5.866762e-06,0.337,93508.61,935.4567,934.8068,-0.001,0.0,2021,7,30,6,0
"2021-07-30 07:00:00",542.0,"4720",10.3,16.02,2.71,1.006,268.8,285.76,282.02,73.94,14.48,11.77,9.95,8.21,79.55,73.94,0.0,"NAN","NAN","NAN",93570.22,936.0267,935.4274,0.002,0.191,2021,7,30,7,0
"2021-07-30 08:00:00",543.0,"4720",10.31,24.77,3.77,1.431,201.0,289.31,283.28,63.91,17.31,14.33,10.82,9.7,74.03,63.72,0.0,302.1716,1.087817,416.0,93611.58,936.441,935.9164,0.157,0.956,2021,7,30,8,0
"2021-07-30 09:00:00",544.0,"4720",10.95,29.33,6.66,2.221,184.8,291.52,283.15,52.56,19.69,17.23,11.01,8.72,64.61,51.01,0.0,520.9602,1.875458,619.8,93668.79000000001,937.0355,936.4001,0.318,1.731,2021,7,30,9,0
"2021-07-30 10:00:00",545.0,"4720",11.14,31.13,7.45,2.798,184.3,293.01,282.17999999999995,48.02,20.6,19.13,10.02,8.18,53.12,46.45,0.0,690.3006,2.485076,760.4,93700.26000000001,937.1401,936.7385,0.45,2.376,2021,7,30,10,0
"2021-07-30 11:00:00",546.0,"4720",11.69,32.94,5.99,2.588,182.7,293.84999999999997,282.89,48.63,21.62,19.99,10.65,8.46,52.29,46.13,0.0,801.8992,2.886835,856.0,93693.54,937.0875,936.6304,0.526,2.805,2021,7,30,11,0
"2021-07-30 12:00:00",547.0,"4720",11.76,36.0,6.3,2.253,182.6,295.29999999999995,283.03999999999996,43.99,23.18,21.1,10.8,9.29,49.85,42.36,0.0,848.6533,3.055152,1149.0,93635.0,936.7838,935.8942,0.576,2.996,2021,7,30,12,0
"2021-07-30 13:00:00",548.0,"4720",11.73,37.52,6.8,2.442,179.5,295.78,283.21,45.49,23.46,22.02,10.86,9.28,46.44,43.27,0.0,805.3671,2.899325,1081.0,93570.34,936.1376,935.3207,0.558,2.93,2021,7,30,13,0
"2021-07-30 14:00:00",549.0,"4720",11.45,38.52,6.84,2.496,183.4,295.87,283.87,49.4,23.71,21.83,11.35,10.03,50.44,43.92,0.0,600.6622,2.16239,946.0,93527.58,935.4567,934.9591,0.44,2.607,2021,7,30,14,0
"2021-07-30 15:00:00",550.0,"4720",11.51,37.24,7.85,3.067,184.0,295.40999999999997,284.34,49.98,22.8,21.63,11.78,10.83,51.33,47.77,0.0,542.5728,1.953259,841.0,93499.71,935.1596,934.6776,0.395,2.063,2021,7,30,15,0
"2021-07-30 16:00:00",551.0,"4720",11.37,37.3,7.37,3.32,185.6,294.66999999999996,284.48999999999995,54.87,22.46,20.97,11.96,10.87,55.02,49.2,0.0,363.6129,1.309009,582.4,93491.7,935.1509,934.6666,0.278,1.348,2021,7,30,16,0
"2021-07-30 17:00:00",552.0,"4720",10.74,35.09,7.59,3.372,185.9,293.22999999999996,284.53,60.07,21.19,19.06,11.81,11.12,60.25,54.41,0.0,109.2821,0.3934167,290.2,93534.83,935.5483,934.9344,0.131,0.55,2021,7,30,17,0
"2021-07-30 18:00:00",553.0,"4720",10.63,29.01,7.48,2.595,190.0,292.21,284.65,63.41,19.85,18.53,11.91,11.15,63.72,58.7,0.0,5.894171,0.02121902,21.96,93567.90999999999,935.9393,935.2457,0.031,0.03,2021,7,30,18,0
"2021-07-30 19:00:00",554.0,"4720",10.58,25.95,6.16,1.973,194.8,291.21999999999997,284.83,68.54,18.72,17.74,12.06,11.44,68.66,63.2,0.0,0.0,0.0,0.0,93616.08,936.4982,935.8071,0.014,0.0,2021,7,30,19,0
"2021-07-30 20:00:00",555.0,"4720",10.55,24.27,5.54,2.078,194.8,290.58,285.89,78.65,17.92,17.09,13.54,11.9,78.78,68.54,0.0,0.0,0.0,0.0,93677.62,937.0944,936.3799,0.008,0.0,2021,7,30,20,0
"2021-07-30 21:00:00",556.0,"4720",10.52,23.1,7.17,2.569,189.5,289.76,286.67999999999995,84.2,17.26,16.04,13.95,13.25,84.4,78.64,0.0,0.0,0.0,0.0,93731.87000000001,937.5383,937.0195,0.004,0.0,2021,7,30,21,0
"2021-07-30 22:00:00",557.0,"4720",10.5,21.6,6.31,2.334,190.9,289.16999999999996,286.59,84.0,16.22,15.97,13.76,13.28,85.5,83.6,0.0,0.0,0.0,0.0,93759.83,937.7897,937.2971,0.0,0.0,2021,7,30,22,0
"2021-07-30 23:00:00",558.0,"4720",10.48,21.35,5.7,2.204,190.2,289.06,286.41999999999996,83.5,16.21,15.78,13.58,13.05,85.0,83.5,0.0,0.0,0.0,0.0,93784.56,937.9933,937.6235,-0.001,0.0,2021,7,30,23,0
"2021-07-31 00:00:00",559.0,"4720",10.47,21.12,5.69,1.866,195.0,289.02,286.46,85.8,16.08,15.78,13.65,13.04,86.1,83.3,0.0,0.0,0.0,0.0,93776.87,937.9885,937.3367,-0.004,0.0,2021,7,31,0,0
"2021-07-31 01:00:00",560.0,"4720",10.46,21.06,5.36,1.929,198.4,288.79999999999995,286.63,87.8,15.95,15.51,13.7,13.38,87.9,85.7,0.0,0.0,0.0,0.0,93703.02,937.3702,936.6212,-0.005,0.0,2021,7,31,1,0
"2021-07-31 02:00:00",561.0,"4720",10.45,20.52,5.38,2.221,192.5,288.57,286.78999999999996,90.5,15.69,15.32,13.95,13.42,90.7,87.6,0.0,0.0,0.0,0.0,93651.84000000001,936.7518,936.2715,-0.005,0.0,2021,7,31,2,0
"2021-07-31 03:00:00",562.0,"4720",10.42,20.5,5.07,1.903,193.7,288.53999999999996,287.09,91.8,15.62,15.32,14.27,13.77,92.0,90.4,0.0,0.0,0.0,0.0,93617.96,936.5537,935.9021,-0.009,0.0,2021,7,31,3,0
"2021-07-31 04:00:00",563.0,"4720",10.42,20.6,5.4,2.113,191.9,288.46999999999997,287.25,92.8,15.56,15.12,14.31,13.96,93.0,91.8,0.0,0.0,0.0,0.0,93620.54000000001,936.3625,935.9912,-0.009,0.0,2021,7,31,4,0
"2021-07-31 05:00:00",564.0,"4720",10.39,20.4,4.72,1.758,197.5,288.33,287.2,92.9,15.44,15.12,14.33,13.94,93.1,92.6,0.0,0.0,0.0,0.0,93628.72,936.629,935.9991,-0.011,0.0,2021,7,31,5,0
"2021-07-31 06:00:00",565.0,"4720",10.37,20.51,5.81,2.172,192.0,288.41999999999996,287.33,93.6,15.43,15.25,14.39,14.11,93.7,92.8,0.0,0.04739451,0.0001706202,1.104,93670.23000000001,936.9939,936.4385,-0.009,0.0,2021,7,31,6,0
"2021-07-31 07:00:00",566.0,"4720",10.36,20.62,7.28,2.832,189.9,288.41999999999996,287.23999999999995,91.2,15.8,15.12,14.41,13.93,93.8,91.2,0.0,"NAN","NAN","NAN",93705.70999999999,937.4318,936.707,0.006,0.193,2021,7,31,7,0
"2021-07-31 08:00:00",567.0,"4720",10.5,25.73,7.74,2.7,190.0,290.0,287.46999999999997,77.87,18.16,15.58,14.73,13.89,91.4,77.28,0.0,292.0771,1.051478,466.6,93756.81,937.7996,937.3043,0.143,0.947,2021,7,31,8,0
"2021-07-31 09:00:00",568.0,"4720",10.92,27.17,8.18,2.974,188.2,291.34,287.45,75.34,19.35,17.55,15.09,13.92,81.1,75.34,0.0,391.1597,1.408174,863.0,93811.3,938.5127,937.5747,0.229,1.712,2021,7,31,9,0
"2021-07-31 10:00:00",569.0,"4720",11.08,30.17,9.8,3.354,186.0,292.58,287.58,71.23,20.5,18.74,14.94,13.9,75.92,67.45,0.0,539.171,1.941015,1037.0,93854.08,938.7244,938.255,0.332,2.341,2021,7,31,10,0
"2021-07-31 11:00:00",570.0,"4720",11.11,31.31,8.67,3.553,183.6,293.41999999999996,286.85999999999996,63.09,21.62,19.2,14.56,12.95,72.72,59.69,0.0,579.9622,2.087863,1100.0,93831.81,938.6064,937.7963,0.383,2.777,2021,7,31,11,0
"2021-07-31 12:00:00",571.0,"4720",11.72,31.31,8.22,3.607,184.8,293.52,287.0,68.62,21.23,19.78,14.57,13.26,69.69,62.36,0.0,443.6833,1.597257,1163.0,93763.98000000001,938.0161,937.2236,0.321,2.967,2021,7,31,12,0
"2021-07-31 13:00:00",572.0,"4720",11.67,30.8,7.86,3.163,187.8,293.64,287.48999999999995,65.3,21.44,20.05,15.06,13.65,70.82,64.9,0.0,446.9778,1.60912,1149.0,93708.83,937.3661,936.7687,0.316,2.897,2021,7,31,13,0
"2021-07-31 14:00:00",573.0,"4720",11.57,33.43,8.12,3.624,182.8,294.33,287.06,61.26,22.19,20.38,14.66,13.23,67.82,59.17,0.0,524.0735,1.886664,1042.0,93666.99,936.9456,936.3559,0.368,2.588,2021,7,31,14,0
"2021-07-31 15:00:00",574.0,"4720",11.58,33.04,7.42,3.273,186.0,294.52,286.90999999999997,60.86,22.06,20.9,14.32,13.37,63.68,60.08,0.0,432.4333,1.556762,843.0,93621.98,936.5694,935.9571,0.313,2.052,2021,7,31,15,0
"2021-07-31 16:00:00",575.0,"4720",11.21,33.54,6.87,3.01,184.1,294.12,287.12,70.06,22.21,20.31,15.17,13.31,70.57,60.35,0.0,187.8184,0.6761477,619.0,93591.86,936.093,935.7202,0.175,1.341,2021,7,31,16,0
"2021-07-31 17:00:00",576.0,"4720",11.09,31.03,6.24,2.44,192.5,293.29999999999995,287.76,74.29,20.82,19.13,15.05,14.35,74.42,68.1,0.0,"NAN","NAN","NAN",93611.76000000001,936.2906,935.7677,0.091,0.548,2021,7,31,17,0
"2021-07-31 18:00:00",577.0,"4720",10.62,28.62,5.26,1.613,197.3,291.7,287.88,80.9,19.29,18.2,15.12,14.4,81.2,74.29,0.0,5.405679,0.01946046,25.02,93626.3,936.3899,936.1475,0.007,0.031,2021,7,31,18,0
"2021-07-31 19:00:00",578.0,"4720",10.61,24.67,6.43,2.521,189.3,291.27,287.94,82.9,18.51,17.55,15.18,14.48,83.0,79.24,0.0,0.0,0.0,0.0,93654.83,936.9225,936.2091,0.011,0.0,2021,7,31,19,0
"2021-07-31 20:00:00",579.0,"4720",10.57,23.7,6.18,2.469,192.7,290.45,287.63,84.0,17.73,17.15,14.83,14.34,84.1,82.8,0.0,0.0,0.0,0.0,93699.21,937.1339,936.7526,0.007,0.0,2021,7,31,20,0
"2021-07-31 21:00:00",580.0,"4720",10.55,22.86,5.73,2.183,191.4,290.25,287.72999999999996,86.5,17.33,17.02,14.91,14.4,86.6,83.8,0.0,0.0,0.0,0.0,93736.43,937.7186,937.0428,0.003,0.0,2021,7,31,21,0
"2021-07-31 22:00:00",581.0,"4720",10.53,22.58,5.15,2.169,189.5,290.07,288.03,89.2,17.2,16.76,15.22,14.73,89.4,86.4,0.0,0.0,0.0,0.0,93786.25,938.0486,937.5596,0.001,0.0,2021,7,31,22,0
"2021-07-31 23:00:00",582.0,"4720",10.5,22.27,6.33,2.318,181.7,289.81,288.26,90.4,16.94,16.5,15.37,14.88,91.3,89.2,0.0,0.0,0.0,0.0,93784.96,938.0003,937.6824,-0.001,0.0,2021,7,31,23,0
"2021-08-01 00:00:00",583.0,"4720",10.47,21.92,6.88,2.518,185.5,289.52,287.83,90.1,16.75,16.17,15.18,14.48,90.6,88.9,0.0,0.0,0.0,0.0,93750.81,937.8679,937.2408,0.0,0.0,2021,8,1,0,0
"2021-08-01 01:00:00",584.0,"4720",10.48,21.63,5.61,2.377,189.0,289.08,287.59,91.4,16.31,15.78,14.71,14.36,91.7,89.9,0.0,0.0,0.0,0.0,93695.45000000001,937.3309,936.6691,-0.002,0.0,2021,8,1,1,0
"2021-08-01 02:00:00",585.0,"4720",10.46,21.08,5.75,2.669,186.1,288.85999999999996,287.46,91.4,15.96,15.58,14.59,14.16,91.7,90.9,0.0,0.0,0.0,0.0,93619.12,936.7223,935.6525,-0.001,0.0,2021,8,1,2,0
"2021-08-01 03:00:00",586.0,"4720",10.44,20.79,6.34,2.887,188.4,288.60999999999996,287.28999999999996,91.9,15.76,15.32,14.38,14.0,92.3,91.4,0.0,0.0,0.0,0.0,93554.14,935.7477,935.3551,-0.001,0.0,2021,8,1,3,0
"2021-08-01 04:00:00",587.0,"4720",10.42,20.22,6.8,2.698,188.8,288.34999999999997,287.03999999999996,91.9,15.49,14.92,14.19,13.61,92.2,91.4,0.0,0.0,0.0,0.0,93547.14,935.6372,935.2631,-0.002,0.0,2021,8,1,4,0
"2021-08-01 05:00:00",588.0,"4720",10.38,20.08,6.03,2.204,191.7,287.85999999999996,286.71,93.7,15.1,14.46,13.88,13.4,93.9,91.8,0.0,0.0,0.0,0.0,93567.39,935.759,935.4938,-0.004,0.0,2021,8,1,5,0
"2021-08-01 06:00:00",589.0,"4720",10.34,19.12,7.11,2.742,190.6,287.62,286.51,91.2,14.7,14.4,13.71,13.02,93.9,91.1,0.0,0.03886176,0.0001399023,1.82,93573.51999999999,936.0747,935.3671,-0.003,0.0,2021,8,1,6,0
"2021-08-01 07:00:00",590.0,"4720",10.35,19.15,5.88,2.583,189.0,287.75,286.19,86.9,15.3,14.4,13.29,12.91,91.8,86.8,0.0,"NAN","NAN","NAN",93621.62,936.6189,935.9448,0.01,0.197,2021,8,1,7,0
"2021-08-01 08:00:00",591.0,"4720",10.37,25.38,5.49,2.306,184.0,289.52,286.51,76.37,17.86,15.12,13.8,12.96,87.4,76.37,0.0,295.1888,1.062678,444.9,93691.53,937.2009,936.574,0.145,0.958,2021,8,1,8,0
"2021-08-01 09:00:00",592.0,"4720",10.97,30.18,6.21,2.658,182.0,291.85999999999996,285.88,60.41,20.02,17.68,13.65,11.61,76.48,60.27,0.0,549.747,1.97909,707.3,93738.72,937.7044,937.121,0.328,1.732,2021,8,1,9,0
"2021-08-01 10:00:00",593.0,"4720",11.0,30.59,7.33,2.982,178.4,292.90999999999997,284.65,55.71,20.88,18.93,12.31,10.87,62.64,54.99,0.0,603.955,2.17424,899.0,93771.81,937.8868,937.4142,0.392,2.377,2021,8,1,10,0
"2021-08-01 11:00:00",594.0,"4720",11.32,32.59,6.77,2.876,182.3,293.92999999999995,284.57,51.09,21.81,20.11,12.41,10.5,58.21,51.02,0.0,737.6879,2.655679,1069.0,93718.54,937.5554,936.816,0.486,2.811,2021,8,1,11,0
"2021-08-01 12:00:00",595.0,"4720",11.8,35.59,6.83,2.479,180.9,295.21999999999997,284.44,49.95,22.92,21.03,12.12,10.57,54.4,46.85,0.0,862.7117,3.105767,1013.0,93646.94,936.9131,935.9436,0.579,3.005,2021,8,1,12,0
"2021-08-01 13:00:00",596.0,"4720",11.47,37.85,6.16,2.276,186.0,295.97999999999996,284.25,49.34,23.81,22.28,12.18,10.46,50.18,45.16,0.0,782.4597,2.816853,921.0,93545.33,935.9977,934.8418,0.544,2.941,2021,8,1,13,0
"2021-08-01 14:00:00",597.0,"4720",11.28,38.47,6.96,2.595,189.9,295.91999999999996,284.62,48.56,23.78,21.76,12.28,10.82,50.96,47.06,0.0,651.7919,2.346454,903.0,93446.46,935.0293,934.0007,0.466,2.62,2021,8,1,14,0
"2021-08-01 15:00:00",598.0,"4720",11.3,39.25,7.3,2.563,186.4,296.03,284.88,51.49,23.72,22.09,12.46,11.11,51.5,47.57,0.0,546.5698,1.967651,724.8,93385.91,934.1193,933.6826,0.394,2.076,2021,8,1,15,0
"2021-08-01 16:00:00",599.0,"4720",11.33,38.49,6.42,2.325,190.5,295.67999999999995,285.07,51.23,23.01,22.09,12.53,11.52,52.65,49.73,0.0,377.9887,1.360759,516.7,93373.79,933.8527,933.5077,0.271,1.36,2021,8,1,16,0
"2021-08-01 17:00:00",600.0,"4720",11.15,37.53,5.96,2.621,189.3,294.45,285.34,60.4,22.61,19.91,12.64,11.83,60.56,50.96,0.0,"NAN","NAN","NAN",93378.64,933.9113,933.6234,0.124,0.558,2021,8,1,17,0
"2021-08-01 18:00:00",601.0,"4720",10.66,31.59,7.01,1.952,192.9,292.02,285.21999999999997,69.13,20.05,17.75,12.43,11.78,69.26,60.4,0.0,5.878684,0.02116325,23.47,93389.34000000001,934.0194,933.6374,0.018,0.032,2021,8,1,18,0
"2021-08-01 19:00:00",602.0,"4720",10.61,25.56,3.27,1.065,197.6,290.56,285.4,72.45,17.89,17.22,12.6,12.01,73.44,69.13,0.0,0.0,0.0,0.0,93412.08,934.2225,933.9724,-0.005,0.0,2021,8,1,19,0
"2021-08-01 20:00:00",603.0,"4720",10.57,23.04,3.95,1.159,204.5,290.21,285.51,76.69,17.45,16.63,12.75,12.06,76.88,71.6,0.0,0.0,0.0,0.0,93429.68,934.5148,934.163,-0.005,0.0,2021,8,1,20,0
"2021-08-01 21:00:00",604.0,"4720",10.54,21.61,3.51,1.059,201.7,289.5,285.7,78.11,16.8,16.17,12.8,12.33,79.04,76.68,0.0,0.0,0.0,0.0,93449.35,934.591,934.4352,-0.009,0.0,2021,8,1,21,0
"2021-08-01 22:00:00",605.0,"4720",10.52,20.41,3.38,0.831,207.0,289.15,285.34,77.6,16.34,15.64,12.54,11.75,78.79,77.46,0.0,0.0,0.0,0.0,93450.51999999999,934.6487,934.4218,-0.012,0.0,2021,8,1,22,0
"2021-08-01 23:00:00",606.0,"4720",10.49,19.46,3.07,0.613,209.3,288.7,285.0,78.44,15.82,15.38,12.1,11.73,79.41,77.6,0.0,0.0,0.0,0.0,93456.45,934.6715,934.5305,-0.017,0.0,2021,8,1,23,0
"2021-08-02 00:00:00",607.0,"4720",10.48,18.67,3.2,0.877,257.3,288.64,284.77,78.21,15.82,15.12,11.97,11.31,78.8,76.68,0.0,0.0,0.0,0.0,93443.74,934.6444,934.2369,-0.012,0.0,2021,8,2,0,0
"2021-08-02 01:00:00",608.0,"4720",10.46,18.54,2.51,1.147,290.4,287.89,284.39,79.48,15.26,14.4,11.54,11.06,80.7,78.11,0.0,0.0,0.0,0.0,93400.87,934.265,933.6528,-0.008,0.0,2021,8,2,1,0
"2021-08-02 02:00:00",609.0,"4720",10.46,17.79,2.68,1.243,295.2,287.26,284.13,82.0,14.81,13.74,11.34,10.73,83.0,79.35,0.0,0.0,0.0,0.0,93346.57999999999,933.6755,933.3097,-0.008,0.0,2021,8,2,2,0
"2021-08-02 03:00:00",610.0,"4720",10.43,16.95,2.07,0.961,266.7,286.52,283.71,84.9,13.91,12.63,10.93,10.16,85.1,81.9,0.0,0.0,0.0,0.0,93324.73,933.379,933.155,-0.013,0.0,2021,8,2,3,0
"2021-08-02 04:00:00",611.0,"4720",10.4,16.22,2.19,0.908,255.8,285.4,283.33,87.2,12.8,11.77,10.78,9.66,88.6,84.8,0.0,0.0,0.0,0.0,93339.84,933.5106,933.248,-0.015,0.0,2021,8,2,4,0
"2021-08-02 05:00:00",612.0,"4720",10.38,15.73,2.99,1.345,284.4,285.66999999999996,283.64,88.1,12.99,12.04,10.95,10.07,88.4,86.7,0.0,0.0,0.0,0.0,93334.29,933.4852,933.2533,-0.011,0.0,2021,8,2,5,0
"2021-08-02 06:00:00",613.0,"4720",10.35,15.62,3.12,1.4,288.8,284.88,283.15,89.3,12.24,11.51,10.35,9.81,90.1,87.9,0.0,0.01929642,6.946712e-05,0.897,93366.18999999999,933.9452,933.3502,-0.011,0.0,2021,8,2,6,0
"2021-08-02 07:00:00",614.0,"4720",10.35,15.82,3.15,1.407,282.6,285.03999999999996,283.34,86.9,13.13,11.31,11.03,9.69,90.5,86.9,0.0,44.68492,0.1608658,183.6,93410.42,934.3558,933.8925,-0.001,0.203,2021,8,2,7,0
"2021-08-02 08:00:00",615.0,"4720",10.4,24.49,3.38,1.381,270.0,288.31,284.9,74.02,17.31,13.02,12.72,10.85,87.1,73.63,0.0,303.8607,1.093898,424.9,93452.94,934.7139,934.3159,0.145,0.973,2021,8,2,8,0
"2021-08-02 09:00:00",616.0,"4720",11.0,30.5,3.2,1.31,192.2,291.48999999999995,285.15999999999997,62.03,19.33,17.16,12.84,10.94,74.1,61.18,0.0,530.1244,1.908449,623.3,93491.85,935.1604,934.6611,0.31,1.746,2021,8,2,9,0
"2021-08-02 10:00:00",617.0,"4720",11.21,34.8,4.06,1.226,189.7,293.94,282.58,39.13,22.39,19.2,11.95,7.522,62.06,38.9,0.0,702.5186,2.529068,772.2,93514.58,935.2451,935.0762,0.451,2.404,2021,8,2,10,0
"2021-08-02 11:00:00",618.0,"4720",12.75,36.71,5.12,1.49,198.8,296.2,280.80899999999997,37.23,24.11,22.07,8.7,6.511,40.92,34.34,0.0,812.6002,2.925361,851.0,93485.37,935.1656,934.4192,0.557,2.857,2021,8,2,11,0
"2021-08-02 12:00:00",619.0,"4720",12.01,38.72,5.37,1.812,194.1,297.48999999999995,281.17999999999995,33.96,25.16,23.66,8.98,7.21,37.62,33.56,0.0,857.0439,3.085351,869.0,93406.72,934.4926,933.4935,0.61,3.048,2021,8,2,12,0
"2021-08-02 13:00:00",620.0,"4720",11.56,41.02,5.81,2.111,188.9,298.46,280.34499999999997,31.35,25.97,24.25,8.56,5.312,35.22,27.31,0.0,835.3011,3.007086,867.0,93292.75,933.5342,932.3502,0.618,2.99,2021,8,2,13,0
"2021-08-02 14:00:00",621.0,"4720",11.6,43.09,5.68,1.939,188.5,298.84,280.895,33.05,26.29,25.17,8.77,6.81,33.9,30.05,0.0,736.3447,2.650839,801.0,93188.13,932.4128,931.4076,0.548,2.664,2021,8,2,14,0
"2021-08-02 15:00:00",622.0,"4720",11.62,43.65,5.74,2.184,185.5,298.85999999999996,281.81,34.35,26.44,25.11,9.24,8.15,35.72,32.53,0.0,577.4233,2.078723,668.7,93114.56,931.5193,930.8501,0.446,2.108,2021,8,2,15,0
"2021-08-02 16:00:00",623.0,"4720",11.59,42.81,6.44,2.616,183.0,297.98999999999995,281.62,35.91,25.69,23.93,9.14,7.854,36.16,34.35,0.0,379.5049,1.366217,484.9,93095.06,931.1585,930.8076,0.32,1.385,2021,8,2,16,0
"2021-08-02 17:00:00",624.0,"4720",11.11,39.93,5.92,2.638,183.3,296.09999999999997,280.717,38.83,24.19,21.49,8.45,6.793,38.96,35.78,0.0,"NAN","NAN","NAN",93140.89,931.8258,930.9842,0.162,0.574,2021,8,2,17,0
"2021-08-02 18:00:00",625.0,"4720",10.65,33.41,4.97,1.909,190.7,293.34999999999997,279.936,46.51,21.58,18.6,7.495,6.36,46.6,38.44,0.0,5.619655,0.02023079,22.64,93202.26,932.2166,931.7502,0.038,0.032,2021,8,2,18,0
"2021-08-02 19:00:00",626.0,"4720",10.59,26.88,2.86,1.125,194.0,291.37,279.373,43.44,18.78,17.94,7.152,5.387,47.29,43.44,0.0,0.0,0.0,0.0,93250.59999999999,932.8596,932.184,0.008,0.0,2021,8,2,19,0
"2021-08-02 20:00:00",627.0,"4720",10.55,23.62,3.35,1.086,197.0,290.82,278.98499999999996,46.7,18.32,17.15,6.405,5.194,48.5,42.46,0.0,0.0,0.0,0.0,93313.21,933.4293,932.798,0.007,0.0,2021,8,2,20,0
"2021-08-02 21:00:00",628.0,"4720",10.52,21.77,4.02,1.357,201.6,290.53,279.45599999999996,50.09,17.79,16.83,6.973,5.709,50.23,46.56,0.0,0.0,0.0,0.0,93355.75,933.8113,933.323,0.013,0.0,2021,8,2,21,0
"2021-08-02 22:00:00",629.0,"4720",10.48,21.25,3.38,1.218,200.6,289.75,280.18399999999997,55.43,17.4,16.04,7.337,6.745,55.55,50.09,0.0,0.0,0.0,0.0,93387.8,934.0973,933.7083,0.006,0.0,2021,8,2,22,0
"2021-08-02 23:00:00",630.0,"4720",10.47,20.12,4.18,1.562,194.1,289.07,280.185,57.24,16.41,15.45,7.321,6.914,57.3,53.99,0.0,0.0,0.0,0.0,93401.05,934.1069,933.92,0.012,0.0,2021,8,2,23,0
"2021-08-03 00:00:00",631.0,"4720",10.44,19.4,3.48,1.27,205.7,288.31,280.417,62.01,15.56,14.86,7.828,6.999,62.07,57.19,0.0,0.0,0.0,0.0,93392.9,934.0584,933.8049,0.003,0.0,2021,8,3,0,0
"2021-08-03 01:00:00",632.0,"4720",10.42,18.4,4.74,1.138,226.2,287.75,281.15999999999997,65.4,14.99,14.4,8.29,7.614,65.63,61.94,0.0,0.0,0.0,0.0,93365.37,933.8668,933.5375,-0.002,0.0,2021,8,3,1,0
"2021-08-03 02:00:00",633.0,"4720",10.38,17.66,4.1,1.271,204.3,287.01,281.39,72.08,14.63,13.28,8.58,7.991,72.08,65.33,0.0,0.0,0.0,0.0,93336.7,933.6105,933.1583,-0.002,0.0,2021,8,3,2,0
"2021-08-03 03:00:00",634.0,"4720",10.38,16.84,3.99,0.903,210.3,286.39,281.54999999999995,71.59,13.7,12.82,8.71,8.14,74.04,71.46,0.0,0.0,0.0,0.0,93302.67,933.1963,932.9665,-0.011,0.0,2021,8,3,3,0
"2021-08-03 04:00:00",635.0,"4720",10.34,15.94,3.43,1.069,210.4,286.03999999999996,281.058,71.4,13.39,12.62,8.37,7.556,72.46,71.0,0.0,0.0,0.0,0.0,93323.40000000001,933.4519,933.0361,-0.007,0.0,2021,8,3,4,0
"2021-08-03 05:00:00",636.0,"4720",10.32,15.38,3.71,1.248,245.5,285.42999999999995,280.44899999999996,71.25,12.83,11.97,7.742,7.098,72.67,70.54,0.0,0.0,0.0,0.0,93357.56,933.7838,933.3716,-0.004,0.0,2021,8,3,5,0
"2021-08-03 06:00:00",637.0,"4720",10.3,15.07,4.12,1.097,229.3,285.14,280.58599999999996,74.3,12.47,11.77,7.788,7.167,75.11,71.25,0.0,7.101931e-05,2.556695e-07,0.092,93412.66,934.4763,933.7391,-0.008,0.0,2021,8,3,6,0
"2021-08-03 07:00:00",638.0,"4720",10.29,15.33,4.4,1.104,226.9,285.46,280.63399999999996,65.65,13.65,11.71,7.88,7.216,75.91,65.65,0.0,48.70755,0.1753473,205.4,93464.09999999999,934.9308,934.4154,0.006,0.21,2021,8,3,7,0
"2021-08-03 08:00:00",639.0,"4720",10.32,24.34,4.41,1.423,207.8,288.53,280.48699999999997,57.13,16.42,13.54,7.976,6.916,65.83,55.3,0.0,327.0134,1.177248,445.5,93527.42,935.7031,934.8812,0.174,0.998,2021,8,3,8,0
"2021-08-03 09:00:00",640.0,"4720",10.9,28.18,5.55,2.254,188.3,290.04999999999995,280.789,52.25,17.84,16.18,8.38,6.863,57.76,50.55,0.0,547.1411,1.969704,641.4,93593.16,936.3292,935.5633,0.326,1.785,2021,8,3,9,0
"2021-08-03 10:00:00",641.0,"4720",11.17,31.18,6.0,2.241,185.9,291.53,280.65599999999995,48.78,19.65,17.29,8.79,6.074,53.21,44.3,0.0,710.322,2.557158,786.3,93638.73999999999,936.48,936.149,0.442,2.431,2021,8,3,10,0
"2021-08-03 11:00:00",642.0,"4720",12.66,32.91,5.89,2.353,176.4,293.04999999999995,280.78,39.22,21.14,18.87,8.82,5.916,50.69,38.24,0.0,823.0338,2.962918,860.0,93621.95,936.4368,935.8947,0.533,2.869,2021,8,3,11,0
"2021-08-03 12:00:00",643.0,"4720",11.63,35.31,6.59,2.268,184.0,294.78,278.96599999999995,33.41,22.57,20.58,7.564,4.303,39.54,31.01,0.0,870.83,3.134985,886.0,93569.15000000001,936.0457,935.1774,0.595,3.081,2021,8,3,12,0
"2021-08-03 13:00:00",644.0,"4720",11.74,37.2,7.41,2.835,179.6,295.54999999999995,279.287,33.18,23.31,21.89,7.635,2.4,38.77,27.03,0.0,853.2274,3.071616,878.0,93489.29000000001,935.3375,934.5565,0.605,3.011,2021,8,3,13,0
"2021-08-03 14:00:00",645.0,"4720",11.72,38.66,6.91,2.965,182.2,295.84999999999997,279.892,35.01,23.44,22.22,7.724,5.011,37.8,31.8,0.0,760.3921,2.737402,818.0,93421.57999999999,934.6528,933.8059,0.551,2.683,2021,8,3,14,0
"2021-08-03 15:00:00",646.0,"4720",11.76,39.39,8.24,2.744,188.0,295.96999999999997,280.164,35.33,23.46,22.35,8.04,5.637,38.31,31.93,0.0,600.5545,2.161991,694.5,93369.9,933.9547,933.3534,0.447,2.129,2021,8,3,15,0
"2021-08-03 16:00:00",647.0,"4720",11.67,39.15,7.0,2.61,184.6,295.69,280.164,39.75,23.05,22.15,8.3,5.809,40.51,33.95,0.0,384.1747,1.38303,500.2,93368.78,933.9007,933.418,0.304,1.399,2021,8,3,16,0
"2021-08-03 17:00:00",648.0,"4720",11.23,37.69,7.47,2.883,187.1,294.41999999999996,281.29999999999995,46.0,22.53,20.11,8.76,7.676,46.86,39.1,0.0,149.1304,0.5368698,275.0,93410.82,934.4167,933.7346,0.156,0.577,2021,8,3,17,0
"2021-08-03 18:00:00",649.0,"4720",10.66,31.9,5.73,1.547,195.9,292.23999999999995,281.48999999999995,53.94,20.26,17.68,8.76,7.988,54.23,45.86,0.0,6.26016,0.02253656,25.12,93449.15999999999,934.6324,934.2994,0.02,0.033,2021,8,3,18,0
"2021-08-03 19:00:00",650.0,"4720",10.62,25.93,3.1,1.109,196.2,290.34999999999997,281.42999999999995,56.28,17.86,16.96,8.51,8.18,56.61,53.94,0.0,0.0,0.0,0.0,93465.73,934.7615,934.5519,0.002,0.0,2021,8,3,19,0
"2021-08-03 20:00:00",651.0,"4720",10.56,22.81,4.95,1.253,198.0,289.73999999999995,282.27,65.93,17.26,16.24,10.03,8.33,66.01,56.28,0.0,0.0,0.0,0.0,93492.62999999999,935.1927,934.7241,0.002,0.0,2021,8,3,20,0
"2021-08-03 21:00:00",652.0,"4720",10.55,21.22,3.93,1.286,193.5,288.69,283.23999999999995,72.57,16.42,15.12,10.67,9.86,73.07,65.92,0.0,0.0,0.0,0.0,93537.62000000001,935.4772,935.1319,-0.003,0.0,2021,8,3,21,0
"2021-08-03 22:00:00",653.0,"4720",10.5,19.74,3.84,1.507,195.9,288.35999999999996,283.71,77.25,15.82,14.6,10.84,10.43,77.25,71.92,0.0,0.0,0.0,0.0,93560.17,935.7647,935.3514,-0.002,0.0,2021,8,3,22,0
"2021-08-03 23:00:00",654.0,"4720",10.49,19.09,5.34,1.469,214.3,287.78,284.53999999999996,82.3,14.96,14.46,11.75,10.64,82.5,77.13,0.0,0.0,0.0,0.0,93558.02,935.7081,935.4139,-0.007,0.0,2021,8,3,23,0
"2021-08-04 00:00:00",655.0,"4720",10.48,18.58,4.33,1.459,215.9,287.59999999999997,284.66999999999996,84.0,14.7,14.2,11.87,11.29,84.2,81.2,0.0,0.0,0.0,0.0,93548.79,935.6063,935.3712,-0.008,0.0,2021,8,4,0,0
"2021-08-04 01:00:00",656.0,"4720",10.46,18.64,4.55,1.77,200.8,287.40999999999997,285.17999999999995,89.1,14.51,14.07,12.53,11.56,89.3,84.0,0.0,0.0,0.0,0.0,93528.53,935.5129,934.9387,-0.008,0.0,2021,8,4,1,0
"2021-08-04 02:00:00",657.0,"4720",10.45,18.94,5.14,2.142,193.1,287.19,285.69,92.1,14.38,13.74,12.82,12.33,92.3,89.1,0.0,0.0,0.0,0.0,93493.51000000001,935.0493,934.7814,-0.009,0.0,2021,8,4,2,0
"2021-08-04 03:00:00",658.0,"4720",10.43,18.39,3.74,1.475,197.3,286.44,285.37,93.8,13.91,13.02,12.67,12.06,94.2,92.1,0.0,0.0,0.0,0.0,93481.54,934.9056,934.7678,-0.015,0.0,2021,8,4,3,0
"2021-08-04 04:00:00",659.0,"4720",10.42,17.38,2.72,0.928,208.1,285.91999999999996,284.96999999999997,93.3,13.16,12.56,12.22,11.55,94.4,93.2,0.0,0.0,0.0,0.0,93489.86,934.9631,934.7554,-0.019,0.0,2021,8,4,4,0
"2021-08-04 05:00:00",660.0,"4720",10.39,16.52,3.06,0.789,256.1,285.65,284.31,89.8,12.86,12.36,11.78,10.74,93.4,89.8,0.0,0.0,0.0,0.0,93507.89,935.2509,934.8976,-0.019,0.0,2021,8,4,5,0
"2021-08-04 06:00:00",661.0,"4720",10.36,15.97,3.09,1.041,278.2,285.40999999999997,283.69,88.1,12.53,11.97,10.92,10.24,90.0,88.0,0.0,0.03858147,0.0001388933,1.394,93540.91,935.5511,935.208,-0.016,0.0,2021,8,4,6,0
"2021-08-04 07:00:00",662.0,"4720",10.37,17.39,3.69,1.183,210.5,285.84999999999997,284.51,93.0,13.82,11.64,12.74,9.81,93.3,87.7,0.0,38.92582,0.1401329,113.3,93579.81999999999,935.9338,935.5203,0.002,0.212,2021,8,4,7,0
"2021-08-04 08:00:00",663.0,"4720",10.53,20.91,3.95,1.551,194.7,287.58,285.85999999999996,83.3,15.3,13.68,13.23,12.06,93.5,82.6,0.0,168.2277,0.6056195,467.1,93611.82,936.2857,935.8698,0.083,0.986,2021,8,4,8,0
"2021-08-04 09:00:00",664.0,"4720",10.89,29.17,5.65,1.697,186.2,290.44,284.95,61.58,18.98,15.19,12.89,10.41,83.4,60.79,0.0,522.2592,1.880131,628.4,93659.72,936.8347,936.23,0.295,1.768,2021,8,4,9,0
"2021-08-04 10:00:00",665.0,"4720",11.11,31.77,5.98,2.109,172.3,292.5,284.34999999999997,52.65,20.75,18.47,12.12,10.28,64.35,52.65,0.0,691.9601,2.491056,778.1,93672.47,936.9037,936.4506,0.429,2.412,2021,8,4,10,0
"2021-08-04 11:00:00",666.0,"4720",12.59,34.41,5.18,2.071,167.6,294.42999999999995,282.95,44.31,22.5,20.25,10.8,8.85,52.79,44.18,0.0,810.4314,2.917546,843.0,93614.87,936.5433,935.7452,0.536,2.861,2021,8,4,11,0
"2021-08-04 12:00:00",667.0,"4720",11.71,37.45,5.23,1.709,177.2,295.79999999999995,282.41999999999996,40.41,23.84,21.63,10.24,8.35,46.58,38.38,0.0,838.0508,3.016979,904.0,93534.55,935.7922,934.8043,0.572,3.06,2021,8,4,12,0
"2021-08-04 13:00:00",668.0,"4720",11.78,40.46,4.77,1.487,194.1,296.95,281.39,35.91,24.63,23.0,9.24,7.321,40.98,34.8,0.0,832.1747,2.995827,867.0,93460.85,934.9207,934.2148,0.579,3.003,2021,8,4,13,0
"2021-08-04 14:00:00",669.0,"4720",11.8,42.38,4.49,1.735,185.7,297.52,280.979,35.39,24.96,23.73,8.65,7.228,36.75,32.46,0.0,740.7872,2.666839,816.0,93373.44,934.2772,933.2922,0.531,2.684,2021,8,4,14,0
"2021-08-04 15:00:00",670.0,"4720",11.56,43.7,4.69,1.501,179.0,297.94,280.90099999999995,32.66,25.31,23.99,8.58,7.006,35.39,32.2,0.0,577.7224,2.079801,669.7,93303.74,933.3123,932.7807,0.416,2.133,2021,8,4,15,0
"2021-08-04 16:00:00",671.0,"4720",11.6,43.74,5.02,1.976,171.3,297.53,280.548,34.41,25.17,23.99,8.18,7.0,34.76,32.53,0.0,374.4243,1.347929,484.1,93277.69,932.9113,932.6666,0.293,1.405,2021,8,4,16,0
"2021-08-04 17:00:00",672.0,"4720",10.95,40.65,4.54,2.031,177.2,296.19,280.647,42.87,24.17,21.49,8.75,6.847,43.19,34.21,0.0,"NAN","NAN","NAN",93291.98,933.0511,932.7703,0.138,0.584,2021,8,4,17,0
"2021-08-04 18:00:00",673.0,"4720",10.67,33.82,4.63,1.834,191.2,293.34999999999997,282.02,53.78,21.59,18.99,9.69,7.669,53.88,42.41,0.0,5.977582,0.02151924,24.24,93315.37,933.3579,932.9803,0.031,0.034,2021,8,4,18,0
"2021-08-04 19:00:00",674.0,"4720",10.59,27.11,3.65,1.234,197.3,291.57,282.51,55.83,19.15,18.2,9.66,9.21,56.27,53.75,0.0,0.0,0.0,0.0,93359.61,933.845,933.3351,0.007,0.0,2021,8,4,19,0
"2021-08-04 20:00:00",675.0,"4720",10.56,24.2,3.48,1.274,196.6,290.98999999999995,282.78,59.87,18.48,17.55,9.88,9.38,60.04,55.83,0.0,0.0,0.0,0.0,93409.69,934.3712,933.805,0.006,0.0,2021,8,4,20,0
"2021-08-04 21:00:00",676.0,"4720",10.54,22.67,4.65,1.529,207.3,289.83,284.95,81.5,17.73,15.97,13.08,9.64,81.7,59.81,0.0,0.0,0.0,0.0,93460.68000000001,934.946,934.2867,0.001,0.0,2021,8,4,21,0
"2021-08-04 22:00:00",677.0,"4720",10.52,21.0,4.46,1.123,218.4,288.65999999999997,286.26,87.8,16.14,14.99,13.45,12.76,88.0,81.5,0.0,0.0,0.0,0.0,93495.0,935.1187,934.8055,-0.013,0.0,2021,8,4,22,0
"2021-08-04 23:00:00",678.0,"4720",10.49,19.66,3.94,1.251,211.4,288.01,286.34,90.6,15.16,14.53,13.44,12.98,90.7,87.8,0.0,0.0,0.0,0.0,93487.63,935.0478,934.6866,-0.014,0.0,2021,8,4,23,0
"2021-08-05 00:00:00",679.0,"4720",10.48,19.25,5.29,2.07,192.8,287.69,286.19,90.7,14.77,14.46,13.28,12.92,91.1,90.3,0.0,0.0,0.0,0.0,93460.97,934.8235,934.4691,-0.008,0.0,2021,8,5,0,0
"2021-08-05 01:00:00",680.0,"4720",10.46,19.35,4.23,1.424,204.0,287.63,286.14,90.7,14.74,14.27,13.27,12.77,91.1,90.4,0.0,0.0,0.0,0.0,93443.55,934.662,934.2965,-0.013,0.0,2021,8,5,1,0
"2021-08-05 02:00:00",681.0,"4720",10.44,19.24,2.95,1.095,204.6,287.17999999999995,285.78999999999996,92.0,14.44,13.74,13.01,12.38,92.2,90.6,0.0,0.0,0.0,0.0,93425.81999999999,934.4745,934.0497,-0.016,0.0,2021,8,5,2,0
"2021-08-05 03:00:00",682.0,"4720",10.42,18.26,3.12,0.885,227.3,286.89,285.67999999999995,92.5,13.98,13.67,12.86,12.4,93.0,91.9,0.0,0.0,0.0,0.0,93408.38,934.1852,933.9995,-0.018,0.0,2021,8,5,3,0
"2021-08-05 04:00:00",683.0,"4720",10.4,18.16,2.3,0.658,262.5,286.48999999999995,285.27,92.4,13.92,12.76,12.74,11.55,92.9,91.7,0.0,0.0,0.0,0.0,93419.6,934.269,934.0875,-0.02,0.0,2021,8,5,4,0
"2021-08-05 05:00:00",684.0,"4720",10.36,16.96,1.17,0.46,307.9,285.42999999999995,284.4,94.2,12.9,11.9,11.76,10.9,94.3,92.4,0.0,0.0,0.0,0.0,93426.01,934.4579,934.1711,-0.023,0.0,2021,8,5,5,0
"2021-08-05 06:00:00",685.0,"4720",10.35,15.64,1.47,0.648,350.2,284.77,283.89,94.0,12.34,10.79,11.51,9.88,94.8,93.7,0.0,0.1068518,0.0003846665,2.284,93463.95,934.8687,934.426,-0.021,0.0,2021,8,5,6,0
"2021-08-05 07:00:00",686.0,"4720",10.35,16.09,1.49,0.426,351.4,284.78999999999996,284.08,95.3,13.1,10.79,12.4,9.85,96.0,93.9,0.0,"NAN","NAN","NAN",93497.27,935.122,934.8339,-0.006,0.218,2021,8,5,7,0
"2021-08-05 08:00:00",687.0,"4720",10.4,23.82,4.41,1.545,9.34,288.59999999999997,286.01,75.65,17.44,12.95,13.41,12.2,95.3,75.65,0.0,277.1268,0.9976576,396.7,93519.7,935.3713,935.0641,0.128,0.994,2021,8,5,8,0
"2021-08-05 09:00:00",688.0,"4720",10.99,29.4,5.41,1.965,36.88,291.83,286.17999999999995,64.12,20.12,17.35,13.41,12.79,75.89,63.73,0.0,496.7141,1.788175,594.0,93561.71,935.7418,935.3397,0.292,1.77,2021,8,5,9,0
"2021-08-05 10:00:00",689.0,"4720",11.2,33.21,5.92,1.911,50.28,294.42999999999995,286.10999999999996,54.42,22.58,19.79,13.52,12.52,64.96,54.15,0.0,670.2501,2.412898,731.0,93553.94,935.6818,935.2911,0.434,2.409,2021,8,5,10,0
"2021-08-05 11:00:00",690.0,"4720",12.7,35.88,5.37,1.702,58.29,296.62,285.66999999999996,48.3,24.47,22.28,13.29,11.46,55.3,45.16,0.0,783.0801,2.819091,829.0,93494.15000000001,935.3726,934.5173,0.538,2.847,2021,8,5,11,0
"2021-08-05 12:00:00",691.0,"4720",11.43,38.66,4.88,1.658,49.66,297.95,284.63,40.54,26.01,24.05,13.03,9.41,48.72,35.52,0.0,753.4866,2.712553,928.0,93405.98999999999,934.6042,933.6456,0.545,3.05,2021,8,5,12,0
"2021-08-05 13:00:00",692.0,"4720",11.44,40.92,5.93,1.406,27.37,298.67999999999995,283.01,35.06,26.53,24.78,10.91,8.31,41.37,33.96,0.0,724.93,2.609744,964.0,93313.13,933.6765,932.6461,0.532,2.999,2021,8,5,13,0
"2021-08-05 14:00:00",693.0,"4720",11.38,43.68,4.27,1.404,51.37,299.73999999999995,282.65999999999997,32.01,27.6,25.96,10.37,8.92,36.11,31.95,0.0,650.6052,2.342177,905.0,93227.5,932.6902,931.7828,0.49,2.679,2021,8,5,14,0
"2021-08-05 15:00:00",694.0,"4720",11.22,45.54,4.61,1.342,78.04,299.73999999999995,282.84,35.26,27.71,25.5,10.58,8.97,37.53,31.95,0.0,470.0489,1.692173,746.2,93137.15,931.8065,931.0848,0.364,2.128,2021,8,5,15,0
"2021-08-05 16:00:00",695.0,"4720",11.24,42.36,4.79,1.465,23.31,299.46999999999997,283.15,36.9,27.32,25.56,10.66,9.55,37.29,34.03,0.0,325.6271,1.172259,536.6,93122.6,931.3708,931.0825,0.258,1.398,2021,8,5,16,0
"2021-08-05 17:00:00",696.0,"4720",10.9,40.36,3.08,1.1,39.13,297.79999999999995,283.02,42.55,25.74,23.98,10.5,9.58,42.55,36.7,0.0,"NAN","NAN","NAN",93143.54,931.7121,931.2777,0.094,0.583,2021,8,5,17,0
"2021-08-05 18:00:00",697.0,"4720",10.65,34.28,4.08,1.616,187.9,295.44,285.78999999999996,60.08,24.13,21.09,13.27,10.5,60.16,42.55,0.0,4.329725,0.01558701,20.67,93194.75,932.2245,931.6349,0.029,0.035,2021,8,5,18,0
"2021-08-05 19:00:00",698.0,"4720",10.61,29.08,2.66,0.894,195.3,293.5,286.28,62.88,21.27,19.91,13.59,12.68,64.75,60.08,0.0,0.0,0.0,0.0,93242.8,932.748,932.1702,0.002,0.0,2021,8,5,19,0
"2021-08-05 20:00:00",699.0,"4720",10.57,25.85,2.75,0.97,197.7,293.0,285.37,61.7,20.15,19.38,12.91,11.85,63.16,60.27,0.0,0.0,0.0,0.0,93290.91,933.1141,932.7159,0.005,0.0,2021,8,5,20,0
"2021-08-05 21:00:00",700.0,"4720",10.53,24.38,2.64,0.882,196.5,292.34999999999997,285.04999999999995,62.35,19.58,18.99,12.16,11.71,63.39,61.63,0.0,0.0,0.0,0.0,93306.53,933.1469,933.0388,0.002,0.0,2021,8,5,21,0
"2021-08-05 22:00:00",701.0,"4720",10.51,23.14,2.39,0.712,194.3,291.83,284.56,62.54,19.26,18.14,11.95,10.84,63.26,62.15,0.0,0.0,0.0,0.0,93311.49,933.205,933.0117,-0.003,0.0,2021,8,5,22,0
"2021-08-05 23:00:00",702.0,"4720",10.49,22.16,3.42,1.157,205.6,291.33,284.63,69.06,18.77,17.42,11.93,10.92,69.19,61.56,0.0,0.0,0.0,0.0,93318.88,933.3269,933.0695,0.006,0.0,2021,8,5,23,0
"2021-08-06 00:00:00",703.0,"4720",10.47,21.76,4.03,1.157,221.9,289.97999999999996,285.71,81.2,17.59,16.56,13.63,11.69,81.8,69.06,0.0,0.0,0.0,0.0,93316.62,933.2919,933.0033,-0.001,0.0,2021,8,6,0,0
"2021-08-06 01:00:00",704.0,"4720",10.45,20.75,3.88,1.026,259.2,289.33,286.53999999999996,83.8,16.74,15.58,13.89,12.86,85.5,81.0,0.0,0.0,0.0,0.0,93272.48,933.0745,932.345,-0.007,0.0,2021,8,6,1,0
"2021-08-06 02:00:00",705.0,"4720",10.44,19.68,2.6,0.862,249.8,288.19,286.19,91.2,15.73,14.73,13.75,12.41,91.3,83.8,0.0,0.0,0.0,0.0,93230.87000000001,932.4181,932.1613,-0.011,0.0,2021,8,6,2,0
"2021-08-06 03:00:00",706.0,"4720",10.41,18.99,2.48,0.817,247.4,287.64,286.27,92.9,15.16,13.81,13.74,12.5,93.0,90.6,0.0,0.0,0.0,0.0,93217.24,932.2371,932.0795,-0.013,0.0,2021,8,6,3,0
"2021-08-06 04:00:00",707.0,"4720",10.39,18.28,1.23,0.585,219.6,286.35999999999996,285.27,94.1,14.05,12.5,12.94,11.46,94.2,92.5,0.0,0.0,0.0,0.0,93206.84,932.1686,932.0156,-0.015,0.0,2021,8,6,4,0
"2021-08-06 05:00:00",708.0,"4720",10.37,17.17,3.23,1.288,281.1,286.34,285.34999999999997,91.7,13.78,12.3,12.68,11.37,95.3,91.6,0.0,0.0,0.0,0.0,93202.76,932.1693,931.9976,-0.01,0.0,2021,8,6,5,0
"2021-08-06 06:00:00",709.0,"4720",10.34,17.31,2.51,1.042,319.1,286.4,285.10999999999996,91.7,13.78,12.89,12.48,11.62,92.4,91.5,0.0,0.06584341,0.0002370363,1.698,93237.61,932.6362,932.1261,-0.011,0.0,2021,8,6,6,0
"2021-08-06 07:00:00",710.0,"4720",10.35,18.07,2.85,0.954,10.3,287.25,285.28999999999996,82.6,15.96,12.95,13.06,11.52,91.8,82.6,0.0,46.75191,0.1683069,149.9,93294.96,933.248,932.605,0.001,0.222,2021,8,6,7,0
"2021-08-06 08:00:00",711.0,"4720",10.39,25.18,5.07,1.719,23.54,290.51,286.59999999999997,74.61,18.77,15.84,14.27,12.8,82.7,74.41,0.0,275.1841,0.9906631,386.5,93356.65000000001,933.8998,933.2106,0.142,1.0,2021,8,6,8,0
"2021-08-06 09:00:00",712.0,"4720",10.98,30.44,4.88,1.828,33.08,293.09999999999997,287.03,61.78,21.07,18.67,14.41,13.21,74.66,61.78,0.0,483.8383,1.741823,590.2,93407.11,934.2722,933.8599,0.296,1.775,2021,8,6,9,0
"2021-08-06 10:00:00",713.0,"4720",11.18,33.98,5.78,1.957,41.05,295.22999999999996,286.48999999999995,53.31,23.54,20.83,13.99,12.81,61.89,52.53,0.0,665.4778,2.395721,728.8,93415.20000000001,934.3347,933.8152,0.442,2.417,2021,8,6,10,0
"2021-08-06 11:00:00",714.0,"4720",11.69,36.48,5.07,1.761,40.87,297.21999999999997,286.45,48.02,25.15,23.0,13.97,12.43,55.07,46.21,0.0,751.476,2.705309,830.0,93342.31,933.8489,932.9097,0.527,2.851,2021,8,6,11,0
"2021-08-06 12:00:00",715.0,"4720",11.58,39.05,4.43,1.578,49.83,298.7,285.04999999999995,40.09,26.35,24.71,13.67,10.34,48.36,37.15,0.0,715.9785,2.577514,1001.0,93251.39,933.0259,931.939,0.53,3.057,2021,8,6,12,0
"2021-08-06 13:00:00",716.0,"4720",11.5,39.11,3.85,1.037,62.33,298.26,283.63,36.1,26.17,24.31,11.53,9.23,42.05,35.78,0.0,356.6875,1.284074,919.0,93149.1,932.0223,931.0627,0.297,3.004,2021,8,6,13,0
"2021-08-06 14:00:00",717.0,"4720",11.48,37.95,3.7,0.911,94.6,298.71999999999997,283.2,37.35,26.36,25.1,10.76,9.39,39.48,35.0,0.0,213.2544,0.7677153,314.6,93061.37999999999,931.1006,930.1373,0.206,2.685,2021,8,6,14,0
"2021-08-06 15:00:00",718.0,"4720",11.31,40.47,4.68,1.436,94.2,299.22999999999996,283.78,40.6,27.51,24.83,11.83,9.6,40.68,34.88,0.0,395.1192,1.422428,706.2,92986.77,930.1969,929.6522,0.323,2.129,2021,8,6,15,0
"2021-08-06 16:00:00",719.0,"4720",11.0,36.94,3.3,0.873,87.0,297.63,283.44,40.6,25.01,24.3,10.79,9.86,41.66,39.82,0.0,88.90314,0.3200512,113.1,92970.4,929.8331,929.6044,0.112,1.404,2021,8,6,16,0
"2021-08-06 17:00:00",720.0,"4720",10.67,32.11,1.25,0.289,295.4,297.19,283.81,46.46,24.62,22.93,11.3,9.82,46.85,40.08,0.0,54.90254,0.1976492,81.1,92995.11,930.0859,929.7892,0.048,0.586,2021,8,6,17,0
"2021-08-06 18:00:00",721.0,"4720",10.63,29.99,0.88,0.275,8.62,294.29999999999995,284.09999999999997,56.62,23.05,19.65,11.53,10.62,57.25,46.39,0.0,"NAN","NAN","NAN",93009.81,930.3328,930.0175,-0.008,0.035,2021,8,6,18,0
"2021-08-06 19:00:00",722.0,"4720",10.61,25.47,1.3,0.44,317.6,292.25,283.9,58.63,19.82,18.33,11.21,10.15,60.6,55.83,0.0,0.0,0.0,0.0,93052.89,930.8186,930.2988,-0.005,0.0,2021,8,6,19,0
"2021-08-06 20:00:00",723.0,"4720",10.58,23.37,1.99,0.642,186.2,292.84999999999997,282.39,46.71,20.48,18.4,10.35,8.29,58.76,46.44,0.0,0.0,0.0,0.0,93109.28,931.522,930.7892,0.004,0.0,2021,8,6,20,0
"2021-08-06 21:00:00",724.0,"4720",10.56,23.19,1.39,0.469,269.4,292.34999999999997,282.12,55.37,20.28,18.59,9.9,8.35,55.68,46.64,0.0,0.0,0.0,0.0,93159.83,931.6728,931.5005,-0.002,0.0,2021,8,6,21,0
"2021-08-06 22:00:00",725.0,"4720",10.54,21.74,1.56,0.537,313.7,291.33,283.10999999999996,61.04,18.89,17.61,10.43,9.56,61.85,55.31,0.0,0.0,0.0,0.0,93169.62,931.7482,931.6361,-0.002,0.0,2021,8,6,22,0
"2021-08-06 23:00:00",726.0,"4720",10.51,20.83,2.12,1.032,294.8,291.03,283.03,61.24,18.41,17.09,10.38,9.53,61.4,58.43,0.0,0.0,0.0,0.0,93158.48,931.7214,931.4396,0.011,0.0,2021,8,6,23,0
"2021-08-07 00:00:00",727.0,"4720",10.5,20.75,4.92,1.305,228.1,290.40999999999997,283.22999999999996,68.53,18.05,16.89,11.22,9.52,68.53,60.65,0.0,0.0,0.0,0.0,93145.45000000001,931.5667,931.3702,0.014,0.0,2021,8,7,0,0
"2021-08-07 01:00:00",728.0,"4720",10.49,20.34,3.86,1.03,229.1,289.69,285.48999999999995,83.9,17.06,16.1,13.67,11.07,84.0,68.47,0.0,0.0,0.0,0.0,93144.59000000001,931.5439,931.3345,0.001,0.0,2021,8,7,1,0
"2021-08-07 02:00:00",729.0,"4720",10.46,19.7,2.97,0.787,208.6,288.72999999999996,286.79999999999995,91.2,16.34,14.79,14.03,13.37,91.3,84.0,0.0,0.0,0.0,0.0,93132.70999999999,931.4844,931.172,-0.008,0.0,2021,8,7,2,0
"2021-08-07 03:00:00",730.0,"4720",10.43,18.91,2.28,0.986,262.9,287.53999999999996,286.10999999999996,90.6,14.93,14.13,13.55,12.56,92.3,90.0,0.0,0.0,0.0,0.0,93099.29,931.2169,930.786,-0.007,0.0,2021,8,7,3,0
"2021-08-07 04:00:00",731.0,"4720",10.42,18.23,3.58,1.583,303.9,287.7,286.16999999999996,90.1,14.77,14.4,13.31,12.86,91.0,90.1,0.0,0.0,0.0,0.0,93079.04999999999,930.9201,930.6378,-0.003,0.0,2021,8,7,4,0
"2021-08-07 05:00:00",732.0,"4720",10.38,18.07,2.73,1.267,307.7,287.45,285.82,89.6,14.71,14.0,13.12,12.34,90.4,89.3,0.0,0.0,0.0,0.0,93064.53,930.7777,930.5403,-0.005,0.0,2021,8,7,5,0
"2021-08-07 06:00:00",733.0,"4720",10.33,17.67,2.18,0.878,334.7,286.94,284.9,85.5,14.12,13.61,12.47,11.21,89.7,85.1,0.0,0.02870505,0.0001033382,1.101,93089.81,931.1227,930.6887,-0.007,0.0,2021,8,7,6,0
"2021-08-07 07:00:00",734.0,"4720",10.34,17.68,1.68,0.474,318.5,287.65,284.84,79.68,16.42,13.61,12.99,11.2,85.8,79.55,0.0,"NAN","NAN","NAN",93141.03,931.6691,931.092,0.0,0.228,2021,8,7,7,0
"2021-08-07 08:00:00",735.0,"4720",10.4,26.31,5.58,1.498,11.24,291.66999999999996,286.34,67.84,19.91,16.3,13.83,12.76,79.49,67.31,0.0,284.7428,1.025074,393.1,93207.51000000001,932.5584,931.6356,0.155,1.011,2021,8,7,8,0
"2021-08-07 09:00:00",736.0,"4720",10.95,31.45,5.05,1.839,38.86,294.09,287.22999999999996,60.41,22.29,19.78,14.54,13.63,68.1,60.41,0.0,496.8578,1.788685,593.9,93272.49,932.9546,932.5031,0.313,1.784,2021,8,7,9,0
"2021-08-07 10:00:00",737.0,"4720",11.15,36.11,4.6,1.431,51.72,296.59999999999997,286.94,46.67,25.29,22.21,14.73,12.73,61.64,46.6,0.0,667.7182,2.40379,731.9,93284.28,932.999,932.6216,0.452,2.425,2021,8,7,10,0
"2021-08-07 11:00:00",738.0,"4720",12.46,39.08,4.33,1.374,61.33,298.66999999999996,284.84999999999997,36.89,26.59,24.9,13.19,10.15,46.87,36.11,0.0,783.4337,2.820362,855.0,93238.12000000001,932.7056,932.0892,0.561,2.88,2021,8,7,11,0
"2021-08-07 12:00:00",739.0,"4720",11.61,41.07,4.17,1.391,121.6,299.82,283.10999999999996,34.1,27.41,25.95,11.17,7.923,38.18,30.83,0.0,769.364,2.769708,945.0,93175.26000000001,932.1707,931.3582,0.573,3.09,2021,8,7,12,0
"2021-08-07 13:00:00",740.0,"4720",11.26,44.31,5.71,1.356,118.7,300.51,282.90999999999997,32.16,28.59,26.35,10.83,8.88,35.4,30.58,0.0,720.7038,2.594529,959.0,93099.5,931.459,930.6296,0.548,3.023,2021,8,7,13,0
"2021-08-07 14:00:00",741.0,"4720",11.19,45.31,4.77,1.341,159.8,300.79999999999995,282.7,30.9,28.93,26.28,10.49,8.81,34.76,30.25,0.0,594.1965,2.1391,849.0,93024.95999999999,930.6752,929.7802,0.464,2.7,2021,8,7,14,0
"2021-08-07 15:00:00",742.0,"4720",11.17,43.25,4.69,1.41,163.1,300.40999999999997,282.02,29.86,28.37,26.21,9.63,8.12,33.95,29.34,0.0,378.6089,1.362994,615.1,92958.72,929.909,929.2731,0.325,2.152,2021,8,7,15,0
"2021-08-07 16:00:00",743.0,"4720",11.21,43.91,6.16,1.82,172.0,300.5,282.32,38.65,28.48,25.69,10.77,8.05,38.81,28.3,0.0,307.9381,1.108578,480.2,92927.5,929.4894,929.1835,0.277,1.417,2021,8,7,16,0
"2021-08-07 17:00:00",744.0,"4720",11.05,39.86,4.86,2.264,183.9,298.53,284.34,45.88,26.4,24.17,11.97,10.52,45.94,37.87,0.0,134.4533,0.4840319,258.3,92957.73000000001,929.6888,929.4296,0.152,0.59,2021,8,7,17,0
"2021-08-07 18:00:00",745.0,"4720",10.66,34.89,4.96,1.724,193.8,295.90999999999997,284.9,53.69,24.29,21.29,12.2,11.45,53.85,45.88,0.0,7.073488,0.02546457,30.07,92991.35,930.2114,929.601,0.043,0.036,2021,8,7,18,0
"2021-08-07 19:00:00",746.0,"4720",10.63,28.97,3.24,1.199,197.8,293.94,284.67999999999995,56.75,21.35,20.3,11.8,11.42,57.12,53.69,0.0,0.0,0.0,0.0,93059.31,931.0293,930.1801,0.021,0.0,2021,8,7,19,0
"2021-08-07 20:00:00",747.0,"4720",10.59,26.08,4.17,1.434,198.2,293.34,284.45,58.87,20.61,19.78,11.72,10.99,58.88,54.79,0.0,0.0,0.0,0.0,93129.54999999999,931.6632,930.9886,0.025,0.0,2021,8,7,20,0
"2021-08-07 21:00:00",748.0,"4720",10.54,24.82,4.57,1.416,199.1,292.57,284.92999999999995,62.81,19.96,19.19,12.18,11.44,63.16,58.64,0.0,0.0,0.0,0.0,93195.43,932.2133,931.6341,0.02,0.0,2021,8,7,21,0
"2021-08-07 22:00:00",749.0,"4720",10.53,23.58,4.88,1.635,203.8,291.96,285.48999999999995,69.65,19.36,18.27,12.84,11.95,69.83,62.81,0.0,0.0,0.0,0.0,93219.82,932.3547,932.092,0.02,0.0,2021,8,7,22,0
"2021-08-07 23:00:00",750.0,"4720",10.52,22.8,5.59,1.765,201.2,290.98999999999995,286.41999999999996,81.8,18.41,17.48,14.55,12.58,81.9,69.65,0.0,0.0,0.0,0.0,93219.22,932.3325,932.0164,0.013,0.0,2021,8,7,23,0
"2021-08-08 00:00:00",751.0,"4720",10.49,21.76,5.68,1.956,198.6,290.39,288.10999999999996,89.7,17.64,16.89,15.54,14.29,89.9,81.7,0.0,0.0,0.0,0.0,93197.43999999999,932.1622,931.6578,0.004,0.0,2021,8,8,0,0
"2021-08-08 01:00:00",752.0,"4720",10.48,21.35,5.84,2.377,187.3,289.81,288.4,91.9,17.07,16.43,15.52,15.1,92.2,89.7,0.0,0.0,0.0,0.0,93155.69,931.8134,931.4069,0.001,0.0,2021,8,8,1,0
"2021-08-08 02:00:00",753.0,"4720",10.47,21.2,4.87,1.901,192.7,289.28,287.94,91.8,16.67,15.51,15.37,14.2,92.1,91.1,0.0,0.0,0.0,0.0,93132.3,931.5327,931.1693,-0.002,0.0,2021,8,8,2,0
"2021-08-08 03:00:00",754.0,"4720",10.43,20.37,3.51,1.351,193.5,288.21,287.01,92.8,15.69,14.73,14.39,13.54,93.0,91.7,0.0,0.0,0.0,0.0,93104.5,931.2399,930.9493,-0.005,0.0,2021,8,8,3,0
"2021-08-08 04:00:00",755.0,"4720",10.42,19.5,3.1,1.153,198.9,288.04999999999995,286.95,93.0,15.23,14.59,14.14,13.42,93.5,92.6,0.0,0.0,0.0,0.0,93123.79,931.3938,931.1129,-0.006,0.0,2021,8,8,4,0
"2021-08-08 05:00:00",756.0,"4720",10.4,19.76,2.84,1.07,201.7,288.03999999999996,286.88,92.6,15.17,14.79,14.07,13.57,93.2,92.3,0.0,0.0,0.0,0.0,93133.92,931.6011,931.1841,-0.007,0.0,2021,8,8,5,0
"2021-08-08 06:00:00",757.0,"4720",10.37,19.82,2.21,0.838,196.5,287.96999999999997,286.75,91.9,15.04,14.66,13.87,13.36,92.8,91.8,0.0,0.1150304,0.0004141096,1.946,93198.85,932.3337,931.5704,-0.008,0.0,2021,8,8,6,0
"2021-08-08 07:00:00",758.0,"4720",10.37,19.9,2.15,0.815,203.3,287.78,286.52,91.7,15.0,14.53,13.72,13.25,92.5,91.6,0.0,"NAN","NAN","NAN",93277.92,933.2017,932.3025,0.01,0.233,2021,8,8,7,0
"2021-08-08 08:00:00",759.0,"4720",10.43,22.34,2.78,1.092,193.1,288.4,286.7,86.4,16.03,14.73,13.98,13.19,91.9,86.3,0.0,111.3157,0.4007366,193.5,93353.31999999999,933.8226,933.174,0.066,1.019,2021,8,8,8,0
"2021-08-08 09:00:00",760.0,"4720",10.89,28.85,2.94,0.989,166.5,290.27,286.94,71.42,19.37,15.78,14.45,13.41,86.5,71.42,0.0,368.9023,1.328052,590.6,93411.35,934.4128,933.8046,0.212,1.797,2021,8,8,9,0
"2021-08-08 10:00:00",761.0,"4720",11.18,34.68,3.18,1.09,140.6,293.38,286.76,56.31,22.03,18.81,14.39,12.47,73.44,55.92,0.0,668.4362,2.406367,741.9,93437.8,934.5182,934.2216,0.416,2.439,2021,8,8,10,0
"2021-08-08 11:00:00",762.0,"4720",11.2,37.23,4.78,1.367,164.1,296.34999999999997,285.33,43.86,24.7,21.69,13.69,11.01,57.4,43.08,0.0,775.6422,2.792313,812.0,93383.61,934.3025,933.4493,0.529,2.888,2021,8,8,11,0
"2021-08-08 12:00:00",763.0,"4720",12.01,38.74,5.87,1.891,195.5,298.02,284.0,39.7,25.82,24.12,12.11,10.16,44.15,39.24,0.0,823.026,2.962895,833.0,93297.28,933.5068,932.5593,0.594,3.093,2021,8,8,12,0
"2021-08-08 13:00:00",764.0,"4720",11.52,40.83,6.42,2.293,180.3,298.5,284.81,42.5,26.13,24.78,12.83,10.7,45.19,39.76,0.0,809.5272,2.914297,850.0,93216.17,932.6361,931.7023,0.596,3.016,2021,8,8,13,0
"2021-08-08 14:00:00",765.0,"4720",11.31,42.21,6.37,2.483,183.5,298.71,285.42999999999995,43.51,26.47,24.91,13.24,11.68,45.75,41.26,0.0,698.5277,2.514699,838.0,93141.16,931.7826,930.9943,0.528,2.686,2021,8,8,14,0
"2021-08-08 15:00:00",766.0,"4720",11.37,42.43,6.74,2.492,188.0,298.51,284.44,39.24,26.08,24.9,12.54,10.09,44.45,38.13,0.0,560.6758,2.01843,665.0,93099.57,931.1687,930.7944,0.437,2.142,2021,8,8,15,0
"2021-08-08 16:00:00",767.0,"4720",11.6,42.4,6.53,2.528,192.6,297.7,283.94,44.91,25.52,23.86,11.42,10.26,45.09,38.78,0.0,367.86,1.324297,479.2,93076.45,930.9351,930.6344,0.302,1.415,2021,8,8,16,0
"2021-08-08 17:00:00",768.0,"4720",11.03,39.5,5.9,2.546,188.5,296.53999999999996,284.09999999999997,47.96,24.11,22.21,11.37,10.47,48.21,43.99,0.0,153.3981,0.5522318,259.9,93087.81,931.0406,930.693,0.152,0.595,2021,8,8,17,0
"2021-08-08 18:00:00",769.0,"4720",10.66,34.19,6.1,2.563,188.4,294.38,283.91999999999996,56.17,22.34,20.3,11.47,10.39,56.37,47.89,0.0,"NAN","NAN","NAN",93099.2,931.1733,930.8529,0.046,0.037,2021,8,8,18,0
"2021-08-08 19:00:00",770.0,"4720",10.63,28.14,5.3,2.207,192.6,292.48999999999995,285.04999999999995,66.72,20.42,18.27,12.32,11.26,66.79,56.23,0.0,0.0,0.0,0.0,93136.2,931.6641,931.062,0.023,0.0,2021,8,8,19,0
"2021-08-08 20:00:00",771.0,"4720",10.56,25.08,5.96,1.543,198.7,291.09,284.85999999999996,66.2,18.44,17.68,12.19,11.29,67.54,66.13,0.0,0.0,0.0,0.0,93183.08,932.0286,931.6096,0.007,0.0,2021,8,8,20,0
"2021-08-08 21:00:00",772.0,"4720",10.55,23.02,4.1,1.619,199.0,290.59,284.26,66.19,17.8,17.22,11.49,10.86,66.76,65.73,0.0,0.0,0.0,0.0,93214.33,932.3362,931.9262,0.008,0.0,2021,8,8,21,0
"2021-08-08 22:00:00",773.0,"4720",10.52,21.9,4.28,1.624,196.9,290.13,284.0,67.89,17.42,16.69,11.11,10.75,68.16,66.19,0.0,0.0,0.0,0.0,93226.98000000001,932.3636,932.1821,0.007,0.0,2021,8,8,22,0
"2021-08-08 23:00:00",774.0,"4720",10.5,21.07,5.07,1.516,195.2,289.7,283.90999999999997,69.84,17.07,16.17,11.01,10.65,70.22,67.17,0.0,0.0,0.0,0.0,93219.55,932.3502,932.0742,0.004,0.0,2021,8,8,23,0
"2021-08-09 00:00:00",775.0,"4720",10.49,20.27,3.89,1.175,199.7,289.25,283.96999999999997,73.27,16.41,15.71,11.09,10.66,73.35,69.77,0.0,0.0,0.0,0.0,93200.05,932.1918,931.7949,-0.003,0.0,2021,8,9,0,0
"2021-08-09 01:00:00",776.0,"4720",10.48,19.58,3.58,1.131,198.1,288.28999999999996,284.17999999999995,79.29,15.88,14.53,11.36,10.84,79.41,73.16,0.0,0.0,0.0,0.0,93154.24,931.8267,931.334,-0.007,0.0,2021,8,9,1,0
"2021-08-09 02:00:00",777.0,"4720",10.45,18.28,3.14,0.82,211.6,287.53,284.22999999999996,82.7,14.77,14.0,11.34,10.91,82.8,79.15,0.0,0.0,0.0,0.0,93100.92,931.3713,930.6771,-0.014,0.0,2021,8,9,2,0
"2021-08-09 03:00:00",778.0,"4720",10.43,17.22,2.31,0.789,210.0,286.82,284.31,86.3,14.18,13.35,11.42,11.03,86.5,82.7,0.0,0.0,0.0,0.0,93048.77,930.7268,930.269,-0.015,0.0,2021,8,9,3,0
"2021-08-09 04:00:00",779.0,"4720",10.41,16.85,4.62,1.421,222.8,286.54999999999995,284.46,85.8,14.05,13.02,11.77,11.04,88.9,85.5,0.0,0.0,0.0,0.0,93025.04000000001,930.4225,930.1349,-0.01,0.0,2021,8,9,4,0
"2021-08-09 05:00:00",780.0,"4720",10.39,16.59,2.86,1.21,285.4,285.96999999999997,283.88,88.5,13.88,12.3,11.59,10.17,88.9,85.2,0.0,0.0,0.0,0.0,93065.64,930.9472,930.3944,-0.012,0.0,2021,8,9,5,0
"2021-08-09 06:00:00",781.0,"4720",10.36,16.15,3.54,1.476,277.3,285.7,283.81,88.1,12.86,12.23,10.95,10.36,89.2,87.8,0.0,0.05625013,0.0002025005,1.872,93112.64,931.4403,930.8815,-0.01,0.0,2021,8,9,6,0
"2021-08-09 07:00:00",782.0,"4720",10.36,16.54,2.78,1.135,262.8,286.13,283.7,79.09,14.38,12.49,10.87,10.39,88.2,79.09,0.0,"NAN","NAN","NAN",93164.87,931.9869,931.3844,0.007,0.242,2021,8,9,7,0
"2021-08-09 08:00:00",783.0,"4720",10.41,26.12,3.98,1.18,223.7,289.97999999999996,284.15,60.47,18.46,14.27,11.49,10.29,79.09,59.75,0.0,313.7092,1.129352,432.4,93224.1,932.5865,931.9141,0.164,1.039,2021,8,9,8,0
"2021-08-09 09:00:00",784.0,"4720",10.98,30.84,5.71,1.884,192.0,292.46999999999997,283.0,46.91,20.25,18.21,10.95,8.16,61.1,46.45,0.0,535.2209,1.926797,634.6,93271.88,932.9994,932.5117,0.335,1.836,2021,8,9,9,0
"2021-08-09 10:00:00",785.0,"4720",11.2,34.3,5.16,1.827,191.1,294.26,281.42999999999995,39.42,22.34,19.79,9.03,7.747,48.08,39.42,0.0,696.2646,2.506551,751.5,93300.57,933.1274,932.8651,0.462,2.497,2021,8,9,10,0
"2021-08-09 11:00:00",786.0,"4720",12.39,36.38,4.54,1.554,197.7,295.98999999999995,281.27,35.58,23.95,22.01,8.89,7.04,41.91,34.54,0.0,786.4812,2.831337,815.0,93261.85,932.9274,932.1888,0.542,2.94,2021,8,9,11,0
"2021-08-09 12:00:00",787.0,"4720",12.01,38.81,4.61,1.441,195.0,297.25,280.65999999999997,33.1,25.34,23.2,8.48,6.723,36.54,32.52,0.0,821.8209,2.958554,835.0,93163.12000000001,932.2403,930.9674,0.582,3.139,2021,8,9,12,0
"2021-08-09 13:00:00",788.0,"4720",11.87,41.78,5.41,1.66,180.4,298.34,280.383,30.18,26.12,24.51,8.3,4.929,34.23,26.59,0.0,805.2559,2.898922,833.0,93043.84999999999,931.0365,929.8088,0.589,3.071,2021,8,9,13,0
"2021-08-09 14:00:00",789.0,"4720",11.72,43.34,9.83,2.036,190.3,299.23999999999995,279.061,27.7,27.06,25.56,7.56,4.602,30.69,24.64,0.0,713.6273,2.569061,779.4,92941.08,929.9398,928.4608,0.55,2.753,2021,8,9,14,0
"2021-08-09 15:00:00",790.0,"4720",11.63,43.95,5.76,1.927,213.8,299.22999999999996,279.34099999999995,31.75,27.0,24.91,7.735,3.719,32.04,23.6,0.0,559.7844,2.015226,652.5,92900.47,929.1422,928.818,0.44,2.189,2021,8,9,15,0
"2021-08-09 16:00:00",791.0,"4720",11.53,43.19,4.79,1.76,214.5,298.03999999999996,279.799,32.0,25.48,24.38,7.465,6.029,32.51,29.72,0.0,365.2235,1.314803,472.8,92899.91,929.2006,928.8105,0.288,1.444,2021,8,9,16,0
"2021-08-09 17:00:00",792.0,"4720",11.05,40.84,5.28,2.103,193.4,296.01,279.832,40.72,24.96,20.96,7.378,5.65,40.97,31.28,0.0,142.9821,0.5147362,253.9,92929.24,929.5229,929.126,0.147,0.61,2021,8,9,17,0
"2021-08-09 18:00:00",793.0,"4720",10.66,33.49,5.14,1.201,210.8,292.97999999999996,280.12699999999995,45.79,21.12,19.06,7.484,6.764,45.97,40.59,0.0,"NAN","NAN","NAN",92959.12,929.7449,929.4065,0.018,0.038,2021,8,9,18,0
"2021-08-09 19:00:00",794.0,"4720",10.61,26.72,3.33,1.149,247.2,291.96,280.39799999999997,46.9,19.4,18.6,7.72,6.718,48.4,45.33,0.0,0.0,0.0,0.0,92997.83,930.3303,929.6992,0.011,0.0,2021,8,9,19,0
"2021-08-09 20:00:00",795.0,"4720",10.58,24.25,2.66,0.812,276.2,290.71999999999997,280.01399999999995,49.56,18.81,16.56,7.539,6.029,53.78,44.94,0.0,0.0,0.0,0.0,93062.11,930.8687,930.3084,-0.001,0.0,2021,8,9,20,0
"2021-08-09 21:00:00",796.0,"4720",10.55,21.56,2.63,1.199,289.1,289.46,279.46299999999997,52.23,17.2,15.64,6.717,5.941,53.85,48.71,0.0,0.0,0.0,0.0,93096.11,931.0683,930.8256,0.009,0.0,2021,8,9,21,0
"2021-08-09 22:00:00",797.0,"4720",10.52,20.14,3.22,1.203,293.7,288.44,278.85699999999997,50.8,15.84,14.47,6.141,5.453,55.27,50.73,0.0,0.0,0.0,0.0,93108.01,931.1672,931.0197,0.008,0.0,2021,8,9,22,0
"2021-08-09 23:00:00",798.0,"4720",10.5,19.05,3.48,1.415,304.4,288.4,278.35699999999997,49.85,15.81,14.86,5.672,4.906,52.64,49.04,0.0,0.0,0.0,0.0,93107.78,931.2131,930.9338,0.014,0.0,2021,8,9,23,0
"2021-08-10 00:00:00",799.0,"4720",10.48,18.35,2.77,1.342,298.5,288.42999999999995,277.92699999999996,49.95,15.56,15.12,5.138,4.647,50.09,48.9,0.0,0.0,0.0,0.0,93079.76999999999,931.027,930.593,0.013,0.0,2021,8,10,0,0
"2021-08-10 01:00:00",800.0,"4720",10.46,18.06,2.76,1.303,288.8,288.09999999999997,277.957,53.99,15.42,14.01,5.087,4.643,54.1,49.23,0.0,0.0,0.0,0.0,93041.04999999999,930.646,930.2963,0.011,0.0,2021,8,10,1,0
"2021-08-10 02:00:00",801.0,"4720",10.45,17.53,3.69,1.326,312.7,286.47999999999996,278.59,59.33,14.15,12.82,5.969,4.829,61.61,54.05,0.0,0.0,0.0,0.0,93021.66,930.3906,930.0876,0.006,0.0,2021,8,10,2,0
"2021-08-10 03:00:00",802.0,"4720",10.43,16.5,3.28,1.163,275.4,285.9,279.30199999999996,68.13,13.85,11.77,7.571,5.373,69.35,59.2,0.0,0.0,0.0,0.0,93001.63,930.1285,929.9165,0.0,0.0,2021,8,10,3,0
"2021-08-10 04:00:00",803.0,"4720",10.39,15.48,2.57,1.004,263.6,285.65,280.626,70.87,13.32,11.65,8.18,6.416,74.58,67.67,0.0,0.0,0.0,0.0,92995.5,930.0601,929.8504,-0.006,0.0,2021,8,10,4,0
"2021-08-10 05:00:00",804.0,"4720",10.38,15.41,3.89,1.676,294.8,285.78,280.917,72.56,13.25,12.36,8.14,7.519,73.6,70.8,0.0,0.0,0.0,0.0,92996.36,930.1044,929.8909,0.003,0.0,2021,8,10,5,0
"2021-08-10 06:00:00",805.0,"4720",10.35,15.5,3.61,1.644,302.3,285.07,280.54299999999995,75.21,12.53,11.64,7.794,7.096,75.35,72.3,0.0,0.0578258,0.0002081729,1.694,93017.33,930.3962,930.0309,0.001,0.0,2021,8,10,6,0
"2021-08-10 07:00:00",806.0,"4720",10.35,16.65,3.11,1.542,304.9,285.87,281.35999999999996,69.83,14.43,11.57,9.07,7.391,76.47,69.64,0.0,"NAN","NAN","NAN",93058.3,930.7836,930.3364,0.022,0.25,2021,8,10,7,0
"2021-08-10 08:00:00",807.0,"4720",10.4,26.04,3.51,1.311,274.3,289.82,283.13,59.23,19.64,14.27,11.58,8.8,69.94,58.9,0.0,311.3386,1.120817,432.2,93118.15000000001,931.6994,930.7435,0.166,1.054,2021,8,10,8,0
"2021-08-10 09:00:00",808.0,"4720",11.02,31.74,4.49,1.619,187.8,293.25,284.25,51.09,20.96,19.27,11.85,9.61,59.86,49.13,0.0,529.1207,1.904835,631.2,93200.73999999999,932.4015,931.6442,0.332,1.839,2021,8,10,9,0
"2021-08-10 10:00:00",809.0,"4720",11.19,33.46,6.8,2.468,182.7,294.46,282.48999999999995,41.24,22.2,20.57,10.37,7.787,50.96,41.12,0.0,695.2863,2.503031,768.8,93250.65,932.6487,932.3123,0.471,2.501,2021,8,10,10,0
"2021-08-10 11:00:00",810.0,"4720",12.41,34.7,6.8,2.532,183.9,295.59999999999997,282.19,43.53,23.41,21.69,10.17,7.417,44.68,38.7,0.0,792.3948,2.852625,836.0,93232.72,932.5954,931.8994,0.554,2.944,2021,8,10,11,0
"2021-08-10 12:00:00",811.0,"4720",12.02,36.5,7.85,2.94,184.4,296.54999999999995,281.34,33.04,24.37,22.61,10.37,6.676,44.3,33.04,0.0,835.9954,3.009584,851.0,93173.41,932.0557,931.1938,0.609,3.145,2021,8,10,12,0
"2021-08-10 13:00:00",812.0,"4720",11.93,38.52,8.01,3.489,185.1,297.35999999999996,278.883,26.27,25.15,23.59,7.668,2.276,33.88,22.93,0.0,829.4199,2.985909,855.0,93101.95,931.3785,930.692,0.639,3.097,2021,8,10,13,0
"2021-08-10 14:00:00",813.0,"4720",11.63,40.43,9.27,3.6,181.1,297.98999999999995,277.049,26.2,25.41,24.31,6.14,2.195,29.41,22.8,0.0,742.3447,2.672443,801.0,93075.16,930.9453,930.3765,0.605,2.781,2021,8,10,14,0
"2021-08-10 15:00:00",814.0,"4720",11.61,40.48,8.66,4.067,184.2,297.69,276.553,23.39,25.08,24.05,5.398,1.714,29.15,22.87,0.0,576.1981,2.07431,677.0,93039.93000000001,930.7408,930.0052,0.516,2.218,2021,8,10,15,0
"2021-08-10 16:00:00",815.0,"4720",11.59,39.49,10.56,3.989,182.0,297.21999999999997,276.609,29.26,24.7,23.26,4.661,1.895,29.39,23.39,0.0,384.1303,1.38287,491.4,93027.21,930.6014,929.9043,0.389,1.467,2021,8,10,16,0
"2021-08-10 17:00:00",816.0,"4720",11.14,37.79,9.27,4.188,182.8,295.87,277.126,31.99,23.5,21.69,4.592,3.25,32.23,27.23,0.0,158.5946,0.570941,278.5,93087.26000000001,931.2622,930.3821,0.246,0.621,2021,8,10,17,0
"2021-08-10 18:00:00",817.0,"4720",10.66,32.96,8.38,3.351,183.5,293.78,278.363,39.41,21.75,19.78,5.893,4.228,39.72,31.98,0.0,7.788534,0.02803871,41.24,93141.95,931.7767,931.0334,0.078,0.038,2021,8,10,18,0
"2021-08-10 19:00:00",818.0,"4720",10.63,27.41,7.06,2.903,188.5,292.32,279.582,47.55,20.36,18.47,7.416,5.586,48.06,38.56,0.0,0.0,0.0,0.0,93195.15,932.2854,931.6537,0.056,0.0,2021,8,10,19,0
"2021-08-10 20:00:00",819.0,"4720",10.59,24.56,8.66,3.278,187.5,291.03999999999996,280.16499999999996,50.68,18.71,17.02,7.357,6.718,50.85,47.22,0.0,0.0,0.0,0.0,93278.25,933.3812,932.1051,0.052,0.0,2021,8,10,20,0
"2021-08-10 21:00:00",820.0,"4720",10.56,22.69,5.89,2.693,189.1,289.59,279.935,55.24,17.16,16.04,7.303,6.596,55.34,50.74,0.0,0.0,0.0,0.0,93360.54000000001,933.9492,933.2861,0.036,0.0,2021,8,10,21,0
"2021-08-10 22:00:00",821.0,"4720",10.51,21.04,5.64,2.366,189.5,289.13,280.66499999999996,60.25,16.48,15.19,7.791,7.12,60.37,55.17,0.0,0.0,0.0,0.0,93384.69,933.9615,933.712,0.027,0.0,2021,8,10,22,0
"2021-08-10 23:00:00",822.0,"4720",10.51,20.05,4.19,1.681,193.8,287.96999999999997,280.647,61.49,15.36,14.27,7.839,7.012,62.9,60.12,0.0,0.0,0.0,0.0,93377.47,933.9003,933.6135,0.011,0.0,2021,8,10,23,0
"2021-08-11 00:00:00",823.0,"4720",10.47,18.36,4.41,1.533,202.0,287.46,280.63899999999995,66.77,14.7,14.0,8.08,6.993,66.9,61.03,0.0,0.0,0.0,0.0,93344.55,933.7036,933.252,0.007,0.0,2021,8,11,0,0
"2021-08-11 01:00:00",824.0,"4720",10.46,17.55,4.11,1.668,194.9,286.81,281.52,73.87,14.18,13.35,8.96,7.857,74.03,66.7,0.0,0.0,0.0,0.0,93286.43,933.3304,932.5011,0.004,0.0,2021,8,11,1,0
"2021-08-11 02:00:00",825.0,"4720",10.45,17.04,4.29,1.466,200.4,286.46,282.35999999999996,76.09,13.52,13.22,9.56,8.77,77.4,73.8,0.0,0.0,0.0,0.0,93224.65999999999,932.5639,931.8932,-0.002,0.0,2021,8,11,2,0
"2021-08-11 03:00:00",826.0,"4720",10.43,16.55,3.23,0.999,217.8,286.27,282.10999999999996,75.43,13.48,12.89,9.39,8.66,76.8,74.52,0.0,0.0,0.0,0.0,93189.07,932.0414,931.8142,-0.009,0.0,2021,8,11,3,0
"2021-08-11 04:00:00",827.0,"4720",10.41,15.94,3.32,1.224,201.5,286.09,281.72999999999996,71.45,13.34,12.75,9.0,7.957,76.48,71.19,0.0,0.0,0.0,0.0,93175.77,931.9332,931.5767,-0.005,0.0,2021,8,11,4,0
"2021-08-11 05:00:00",828.0,"4720",10.37,15.95,3.49,1.328,197.5,286.09999999999997,281.46999999999997,76.34,13.45,12.56,8.81,7.555,76.96,68.52,0.0,0.0,0.0,0.0,93181.59000000001,932.112,931.528,-0.003,0.0,2021,8,11,5,0
"2021-08-11 06:00:00",829.0,"4720",10.35,15.66,2.71,0.735,194.2,285.03,281.56,83.4,12.7,11.37,9.21,8.09,83.8,76.34,0.0,0.07608252,0.000273897,2.543,93218.33,932.4012,932.0803,-0.014,0.0,2021,8,11,6,0
"2021-08-11 07:00:00",830.0,"4720",10.36,16.19,2.6,0.997,203.4,285.73999999999995,283.01,81.0,14.02,11.7,10.84,8.99,84.7,80.9,0.0,48.09832,0.1731538,189.5,93275.98000000001,933.1958,932.3726,0.009,0.255,2021,8,11,7,0
"2021-08-11 08:00:00",831.0,"4720",10.39,23.81,4.06,1.708,200.1,288.09,284.13,71.22,16.17,13.94,11.5,10.69,81.1,71.21,0.0,307.9684,1.108684,415.3,93343.34999999999,933.7314,933.1633,0.15,1.06,2021,8,11,8,0
"2021-08-11 09:00:00",832.0,"4720",10.99,27.77,5.64,1.954,192.2,290.03999999999996,284.52,68.15,17.76,16.05,12.12,10.81,72.15,67.04,0.0,472.5713,1.701259,678.0,93391.58,934.0854,933.6674,0.269,1.849,2021,8,11,9,0
"2021-08-11 10:00:00",833.0,"4720",11.1,31.02,6.54,2.546,178.4,292.03999999999996,284.16999999999996,53.95,20.5,17.42,11.96,9.67,68.72,52.64,0.0,676.8331,2.436596,783.0,93399.81,934.0956,933.7648,0.417,2.5,2021,8,11,10,0
"2021-08-11 11:00:00",834.0,"4720",11.47,32.76,7.49,3.025,178.2,293.81,283.41999999999996,50.49,21.58,20.05,11.02,9.31,53.89,48.54,0.0,794.3839,2.859786,872.0,93367.61,933.9691,933.3575,0.524,2.946,2021,8,11,11,0
"2021-08-11 12:00:00",835.0,"4720",11.65,35.22,7.16,3.066,179.3,295.07,282.81,43.46,23.22,20.9,11.11,8.32,52.37,41.37,0.0,815.879,2.937168,966.0,93311.2,933.5403,932.6411,0.567,3.144,2021,8,11,12,0
"2021-08-11 13:00:00",836.0,"4720",11.49,37.27,6.9,2.744,178.8,295.89,282.39,39.95,23.77,22.02,10.27,8.03,45.51,38.57,0.0,720.5014,2.593808,944.0,93228.11,932.7627,931.7384,0.527,3.076,2021,8,11,13,0
"2021-08-11 14:00:00",837.0,"4720",11.58,40.37,5.48,2.194,168.0,296.64,281.5,37.68,24.36,22.94,9.51,7.691,40.8,36.23,0.0,716.3856,2.578995,787.6,93149.8,931.9415,931.0507,0.519,2.754,2021,8,11,14,0
"2021-08-11 15:00:00",838.0,"4720",11.19,41.07,5.95,2.372,178.7,296.87,281.66999999999996,39.56,24.58,22.74,9.65,7.932,40.21,35.32,0.0,452.7075,1.629748,658.8,93068.9,931.1243,930.321,0.371,2.19,2021,8,11,15,0
"2021-08-11 16:00:00",839.0,"4720",11.3,38.09,7.24,2.787,181.7,296.46,282.07,42.75,24.13,22.28,9.59,8.2,43.19,37.67,0.0,341.7716,1.23038,480.4,93029.63,930.4349,930.1307,0.297,1.446,2021,8,11,16,0
"2021-08-11 17:00:00",840.0,"4720",11.22,36.33,5.96,2.524,181.3,295.33,282.32,46.79,22.72,21.36,9.88,8.46,46.92,41.11,0.0,125.5176,0.4518634,245.3,93026.85,930.3835,930.1335,0.149,0.613,2021,8,11,17,0
"2021-08-11 18:00:00",841.0,"4720",10.65,32.01,5.88,1.775,189.7,293.2,283.2,57.27,21.47,19.06,10.59,9.54,57.37,46.78,0.0,"NAN","NAN","NAN",93026.65,930.3721,930.1714,0.034,0.039,2021,8,11,18,0
"2021-08-11 19:00:00",842.0,"4720",10.62,26.32,3.21,1.093,210.6,291.44,284.45,67.96,19.19,17.94,12.21,10.36,68.2,57.2,0.0,0.0,0.0,0.0,93049.71,930.8086,930.3095,0.007,0.0,2021,8,11,19,0
"2021-08-11 20:00:00",843.0,"4720",10.59,23.47,3.4,0.991,210.9,290.79999999999995,285.23999999999995,70.7,18.14,17.28,12.4,11.89,71.58,67.89,0.0,0.0,0.0,0.0,93092.55,931.1489,930.7267,0.002,0.0,2021,8,11,20,0
"2021-08-11 21:00:00",844.0,"4720",10.56,22.06,3.43,0.83,211.9,290.21,285.06,72.97,17.47,16.95,12.33,11.66,73.32,70.62,0.0,0.0,0.0,0.0,93134.06,931.5483,931.1118,-0.002,0.0,2021,8,11,21,0
"2021-08-11 22:00:00",845.0,"4720",10.54,20.83,3.36,0.927,212.0,289.94,285.28999999999996,75.64,17.26,16.43,12.4,12.04,75.82,72.64,0.0,0.0,0.0,0.0,93148.96,931.5515,931.4089,-0.002,0.0,2021,8,11,22,0
"2021-08-11 23:00:00",846.0,"4720",10.49,20.14,4.5,1.5,203.1,288.96999999999997,285.73999999999995,85.9,16.65,15.38,13.47,12.14,86.4,75.64,0.0,0.0,0.0,0.0,93152.31,931.6179,931.4398,0.001,0.0,2021,8,11,23,0
"2021-08-12 00:00:00",847.0,"4720",10.47,19.68,4.24,1.099,238.6,288.59999999999997,286.47999999999996,88.9,15.82,15.25,13.71,13.11,89.2,85.5,0.0,0.0,0.0,0.0,93144.79,931.604,931.2006,-0.007,0.0,2021,8,12,0,0
"2021-08-12 01:00:00",848.0,"4720",10.47,19.11,3.74,0.984,225.5,288.2,286.58,90.6,15.4,14.86,13.71,13.25,90.9,88.8,0.0,0.0,0.0,0.0,93095.66,931.2706,930.6407,-0.009,0.0,2021,8,12,1,0
"2021-08-12 02:00:00",849.0,"4720",10.46,19.4,4.27,1.103,228.0,288.16999999999996,286.81,91.9,15.3,14.86,13.93,13.34,92.2,90.6,0.0,0.0,0.0,0.0,93057.87,930.6929,930.4687,-0.009,0.0,2021,8,12,2,0
"2021-08-12 03:00:00",850.0,"4720",10.44,19.75,2.74,0.921,209.8,288.15,286.79999999999995,90.9,15.23,14.92,13.91,13.53,92.0,90.9,0.0,0.0,0.0,0.0,93035.35,930.5208,930.2431,-0.01,0.0,2021,8,12,3,0
"2021-08-12 04:00:00",851.0,"4720",10.41,19.76,1.83,0.796,201.6,287.78,286.41999999999996,92.0,15.16,14.4,13.67,13.04,92.6,90.6,0.0,0.0,0.0,0.0,93027.12,930.4213,930.2196,-0.011,0.0,2021,8,12,4,0
"2021-08-12 05:00:00",852.0,"4720",10.38,19.01,1.73,0.58,206.7,287.10999999999996,285.89,93.0,14.51,13.68,13.24,12.41,93.2,91.5,0.0,0.0,0.0,0.0,93038.68,930.5212,930.2223,-0.014,0.0,2021,8,12,5,0
"2021-08-12 06:00:00",853.0,"4720",10.35,17.99,1.86,0.412,301.6,286.56,285.4,92.7,13.87,12.69,12.81,11.55,93.3,92.0,0.0,0.1404383,0.0005055781,2.775,93082.03,931.2023,930.4923,-0.015,0.0,2021,8,12,6,0
"2021-08-12 07:00:00",854.0,"4720",10.34,16.92,1.14,0.454,32.69,285.51,284.5,94.7,13.28,11.97,12.47,10.93,94.8,92.6,0.0,46.67866,0.1680434,133.8,93151.61,931.8411,931.1783,0.003,0.261,2021,8,12,7,0
"2021-08-12 08:00:00",855.0,"4720",10.43,21.58,1.96,0.897,38.69,286.96,286.04999999999995,92.9,15.37,13.15,14.27,12.32,95.0,92.8,0.0,213.1925,0.7674937,408.4,93202.17,932.2587,931.7968,0.098,1.062,2021,8,12,8,0
"2021-08-12 09:00:00",856.0,"4720",11.02,30.25,4.02,1.294,41.44,291.35999999999996,286.51,63.15,20.15,15.19,14.47,12.48,93.0,62.43,0.0,501.5598,1.805616,593.0,93237.62000000001,932.5455,932.2112,0.289,1.848,2021,8,12,9,0
"2021-08-12 10:00:00",857.0,"4720",11.2,34.69,4.42,1.469,53.32,294.98999999999995,285.52,47.9,23.45,19.85,13.29,11.11,64.36,46.66,0.0,674.149,2.426934,744.3,93237.92,932.5432,932.153,0.444,2.501,2021,8,12,10,0
"2021-08-12 11:00:00",858.0,"4720",12.4,36.66,5.47,1.622,46.78,297.29999999999995,282.96,35.99,25.18,23.06,11.97,7.958,49.21,34.6,0.0,778.6523,2.80315,819.0,93176.03,932.2166,931.3217,0.552,2.963,2021,8,12,11,0
"2021-08-12 12:00:00",859.0,"4720",12.0,39.89,4.38,1.409,60.25,298.76,281.14,28.29,26.86,24.45,9.4,6.71,37.3,28.16,0.0,823.1987,2.963514,836.0,93091.74,931.3796,930.3434,0.599,3.173,2021,8,12,12,0
"2021-08-12 13:00:00",860.0,"4720",11.79,43.15,4.85,1.383,55.29,299.91999999999996,280.298,28.17,27.41,26.28,8.23,6.237,30.66,27.12,0.0,807.1003,2.905566,840.0,92996.22,930.3702,929.5802,0.6,3.108,2021,8,12,13,0
"2021-08-12 14:00:00",861.0,"4720",11.67,44.93,5.1,1.607,77.41,300.60999999999996,280.205,27.25,28.14,26.94,7.68,6.33,28.37,26.47,0.0,715.3577,2.575284,771.4,92919.25,929.6019,928.8387,0.549,2.776,2021,8,12,14,0
"2021-08-12 15:00:00",862.0,"4720",11.59,45.19,5.42,1.733,41.28,300.46999999999997,281.40999999999997,32.01,28.37,26.61,9.3,6.908,32.47,27.19,0.0,552.3131,1.988326,648.6,92843.76,928.8433,928.2033,0.436,2.201,2021,8,12,15,0
"2021-08-12 16:00:00",863.0,"4720",11.45,44.11,4.99,1.621,78.31,300.16999999999996,281.84,31.77,27.75,26.48,9.3,8.29,32.66,30.51,0.0,355.3481,1.279254,451.5,92826.89,928.4083,928.2217,0.289,1.455,2021,8,12,16,0
"2021-08-12 17:00:00",864.0,"4720",11.02,42.35,5.12,1.67,70.0,298.95,280.851,34.32,26.72,24.44,8.57,7.228,34.4,30.51,0.0,138.0981,0.4971526,245.3,92844.26999999999,928.6406,928.3229,0.14,0.621,2021,8,12,17,0
"2021-08-12 18:00:00",865.0,"4720",10.65,36.6,4.66,1.154,66.84,296.21999999999997,281.47999999999996,42.68,24.58,22.01,8.94,7.704,42.69,34.28,0.0,7.012607,0.02524537,34.92,92870.79,928.8406,928.5775,0.023,0.04,2021,8,12,18,0
"2021-08-12 19:00:00",866.0,"4720",10.6,29.78,2.07,0.612,2.326,293.4,281.67999999999995,49.51,22.13,19.06,8.94,8.15,49.91,42.54,0.0,0.0,0.0,0.0,92895.12,929.2231,928.7854,-0.006,0.0,2021,8,12,19,0
"2021-08-12 20:00:00",867.0,"4720",10.56,25.61,1.3,0.621,339.7,292.15999999999997,280.866,50.16,19.36,18.53,8.41,7.406,50.25,46.38,0.0,0.0,0.0,0.0,92945.92,929.7837,929.1906,-0.007,0.0,2021,8,12,20,0
"2021-08-12 21:00:00",868.0,"4720",10.53,23.52,1.9,0.524,318.8,290.82,281.28999999999996,54.26,18.66,17.22,8.5,7.915,55.67,50.16,0.0,0.0,0.0,0.0,92992.25,930.1003,929.7328,-0.012,0.0,2021,8,12,21,0
"2021-08-12 22:00:00",869.0,"4720",10.49,21.71,1.66,0.644,335.5,290.37,281.67999999999995,57.14,17.82,16.76,8.86,8.22,58.32,54.19,0.0,0.0,0.0,0.0,93008.66,930.1983,930.0359,-0.008,0.0,2021,8,12,22,0
"2021-08-12 23:00:00",870.0,"4720",10.47,20.62,1.38,0.468,326.3,289.08,281.56,60.32,17.53,14.66,8.87,7.79,65.34,56.6,0.0,0.0,0.0,0.0,93016.15000000001,930.2786,930.05,-0.015,0.0,2021,8,12,23,0
"2021-08-13 00:00:00",871.0,"4720",10.45,19.57,1.46,0.722,338.1,289.54999999999995,281.84,60.19,16.67,16.23,8.98,8.53,61.1,59.6,0.0,0.0,0.0,0.0,92995.25,930.1157,929.7605,-0.007,0.0,2021,8,13,0,0
"2021-08-13 01:00:00",872.0,"4720",10.43,19.38,1.74,0.766,338.4,289.33,281.96,62.3,16.8,15.97,9.07,8.67,62.48,59.93,0.0,0.0,0.0,0.0,92958.76,929.7828,929.4724,-0.006,0.0,2021,8,13,1,0
"2021-08-13 02:00:00",873.0,"4720",10.41,19.02,1.13,0.528,349.4,288.87,282.04999999999995,64.29,16.15,15.38,9.15,8.75,65.18,62.27,0.0,0.0,0.0,0.0,92935.95,929.523,929.2192,-0.014,0.0,2021,8,13,2,0
"2021-08-13 03:00:00",874.0,"4720",10.41,18.21,1.46,0.599,336.7,288.56,282.13,68.4,16.04,14.66,9.3,8.74,68.82,63.51,0.0,0.0,0.0,0.0,92926.51,929.4291,929.1787,-0.012,0.0,2021,8,13,3,0
"2021-08-13 04:00:00",875.0,"4720",10.37,17.74,1.6,0.667,346.1,288.10999999999996,282.73999999999995,71.99,15.42,14.59,10.34,8.8,72.82,68.13,0.0,0.0,0.0,0.0,92957.53,929.8693,929.3537,-0.012,0.0,2021,8,13,4,0
"2021-08-13 05:00:00",876.0,"4720",10.35,17.5,1.38,0.751,343.1,287.94,283.53,76.22,15.23,14.33,10.8,9.93,76.99,71.98,0.0,0.0,0.0,0.0,93009.41,930.446,929.8076,-0.011,0.0,2021,8,13,5,0
"2021-08-13 06:00:00",877.0,"4720",10.33,17.35,1.61,0.889,343.4,287.44,283.37,77.39,14.83,14.0,10.81,9.9,77.89,75.24,0.0,0.1267505,0.0004563019,2.918,93085.19,931.238,930.4167,-0.009,0.0,2021,8,13,6,0
"2021-08-13 07:00:00",878.0,"4720",10.35,18.85,1.74,0.623,328.0,288.65999999999997,283.82,64.43,17.99,14.2,11.28,10.21,78.01,64.17,0.0,"NAN","NAN","NAN",93152.87,931.9156,931.2065,0.012,0.269,2021,8,13,7,0
"2021-08-13 08:00:00",879.0,"4720",10.4,29.39,3.2,0.907,0.556,293.77,283.81,46.33,22.47,17.87,11.46,9.82,64.57,45.68,0.0,306.5706,1.103653,417.4,93224.1,932.5443,931.8928,0.176,1.083,2021,8,13,8,0
"2021-08-13 09:00:00",880.0,"4720",10.91,34.66,4.15,1.354,53.5,296.4,283.09,40.34,24.47,22.21,10.42,9.42,46.4,39.88,0.0,519.5035,1.870214,615.4,93282.43,933.0144,932.5197,0.354,1.884,2021,8,13,9,0
"2021-08-13 10:00:00",881.0,"4720",11.1,38.21,4.11,1.457,64.54,298.31,282.94,35.07,26.33,24.12,10.6,9.24,40.66,34.87,0.0,679.4446,2.445997,740.3,93299.2,933.0885,932.7754,0.488,2.537,2021,8,13,10,0
"2021-08-13 11:00:00",882.0,"4720",12.16,39.25,5.03,1.522,67.89,299.37,282.69,33.83,27.29,25.56,10.22,8.92,36.49,33.44,0.0,783.0496,2.818976,814.0,93266.5,932.9377,932.3953,0.577,2.98,2021,8,13,11,0
"2021-08-13 12:00:00",883.0,"4720",11.89,41.11,4.56,1.463,72.79,300.10999999999996,282.72999999999996,32.34,27.81,26.35,10.17,9.16,35.26,31.62,0.0,817.2194,2.941986,826.0,93210.47,932.4694,931.6261,0.61,3.171,2021,8,13,12,0
"2021-08-13 13:00:00",884.0,"4720",11.85,43.73,4.87,1.589,119.0,301.04999999999995,282.76,31.22,28.72,27.4,10.34,9.06,33.46,30.51,0.0,799.5307,2.878308,825.0,93137.09,931.6909,931.0672,0.612,3.097,2021,8,13,13,0
"2021-08-13 14:00:00",885.0,"4720",11.69,46.63,3.69,1.296,50.41,301.77,282.71,30.4,29.5,27.73,10.18,9.14,31.96,29.28,0.0,706.496,2.543385,763.2,93070.6,931.1018,930.4104,0.539,2.764,2021,8,13,14,0
"2021-08-13 15:00:00",886.0,"4720",11.6,47.24,4.82,1.442,119.2,302.21,282.81,30.32,29.88,28.65,10.27,9.2,30.9,28.63,0.0,550.9343,1.983362,641.9,93028.57,930.5164,930.1058,0.435,2.2,2021,8,13,15,0
"2021-08-13 16:00:00",887.0,"4720",11.26,46.52,6.63,1.658,171.0,301.79999999999995,282.83,30.64,29.36,27.72,10.32,8.86,31.45,29.73,0.0,339.8745,1.223548,453.9,93024.48000000001,930.4323,930.1275,0.293,1.456,2021,8,13,16,0
"2021-08-13 17:00:00",888.0,"4720",11.08,43.57,5.93,2.133,176.6,300.31,282.35999999999996,34.49,28.11,26.08,9.89,8.72,34.53,30.25,0.0,133.549,0.4807755,239.6,93065.91,930.9509,930.3745,0.168,0.622,2021,8,13,17,0
"2021-08-13 18:00:00",889.0,"4720",10.66,37.55,5.1,2.141,178.7,298.06,282.08,38.77,26.16,23.78,9.39,8.72,38.95,34.35,0.0,"NAN","NAN","NAN",93132.15,931.5753,930.9196,0.063,0.04,2021,8,13,18,0
"2021-08-13 19:00:00",890.0,"4720",10.63,31.44,5.01,1.829,187.5,296.02,282.28999999999996,44.18,23.89,21.81,9.56,8.84,45.13,38.77,0.0,0.0,0.0,0.0,93193.4,932.3862,931.4876,0.041,0.0,2021,8,13,19,0
"2021-08-13 20:00:00",891.0,"4720",10.58,28.19,3.0,0.839,197.7,294.47999999999996,282.66999999999996,47.69,22.25,20.89,9.85,9.33,48.22,44.17,0.0,0.0,0.0,0.0,93274.53,933.0766,932.3501,0.003,0.0,2021,8,13,20,0
"2021-08-13 21:00:00",892.0,"4720",10.57,26.12,2.48,0.445,181.6,294.15,282.78999999999996,48.47,21.46,20.69,9.94,9.5,49.24,47.23,0.0,0.0,0.0,0.0,93331.12,933.8881,933.0426,-0.014,0.0,2021,8,13,21,0
"2021-08-13 22:00:00",893.0,"4720",10.52,25.4,6.7,2.513,190.6,293.39,285.51,69.46,21.2,19.45,13.92,9.62,69.69,48.4,0.0,0.0,0.0,0.0,93414.48000000001,934.2794,933.7662,0.032,0.0,2021,8,13,22,0
"2021-08-13 23:00:00",894.0,"4720",10.52,24.52,8.99,2.733,194.8,292.32,286.4,61.83,19.63,18.99,13.97,11.52,71.13,61.83,0.0,0.0,0.0,0.0,93427.17,934.4063,934.0024,0.024,0.0,2021,8,13,23,0
"2021-08-14 00:00:00",895.0,"4720",10.49,23.68,10.74,3.451,192.0,291.72999999999996,283.23999999999995,61.05,19.23,17.94,11.74,9.43,62.1,54.2,0.0,0.0,0.0,0.0,93427.03,934.4807,933.9992,0.045,0.0,2021,8,14,0,0
"2021-08-14 01:00:00",896.0,"4720",10.47,22.61,8.61,2.994,200.1,290.79999999999995,283.78999999999996,68.48,18.12,17.15,11.49,10.25,68.59,60.72,0.0,0.0,0.0,0.0,93432.67,934.5273,934.0089,0.031,0.0,2021,8,14,1,0
"2021-08-14 02:00:00",897.0,"4720",10.47,21.71,8.81,2.769,202.8,290.0,284.96999999999997,75.21,17.33,16.56,12.41,11.31,75.31,68.41,0.0,0.0,0.0,0.0,93447.69,934.627,934.0833,0.018,0.0,2021,8,14,2,0
"2021-08-14 03:00:00",898.0,"4720",10.44,21.31,8.43,3.341,192.7,289.73999999999995,285.77,78.77,16.81,16.5,13.02,12.22,78.78,75.12,0.0,0.0,0.0,0.0,93436.13,934.7052,933.92,0.016,0.0,2021,8,14,3,0
"2021-08-14 04:00:00",899.0,"4720",10.42,21.42,7.31,3.194,189.7,289.58,286.08,81.0,16.73,16.24,13.28,12.78,81.4,78.58,0.0,0.0,0.0,0.0,93467.48,934.875,934.3911,0.012,0.0,2021,8,14,4,0
"2021-08-14 05:00:00",900.0,"4720",10.4,21.06,6.74,2.524,190.3,289.29999999999995,286.33,84.7,16.48,15.84,13.5,13.0,84.9,80.7,0.0,0.0,0.0,0.0,93491.74,935.1169,934.7441,0.004,0.0,2021,8,14,5,0
"2021-08-14 06:00:00",901.0,"4720",10.38,21.09,7.01,2.836,189.6,289.4,286.76,84.1,16.67,15.84,13.97,13.27,85.2,83.7,0.0,0.05574635,0.0002006869,0.972,93533.26,935.6682,935.0586,0.004,0.0,2021,8,14,6,0
"2021-08-14 07:00:00",902.0,"4720",10.38,21.75,7.17,3.241,188.1,289.72999999999996,287.2,83.6,16.94,16.43,14.39,13.76,86.2,83.6,0.0,21.38468,0.07698479,54.71,93573.14,935.9011,935.4943,0.042,0.274,2021,8,14,7,0
"2021-08-14 08:00:00",903.0,"4720",10.44,23.58,8.17,3.497,188.9,290.46999999999997,287.09999999999997,76.56,18.18,16.76,14.39,13.69,83.7,76.3,0.0,137.4096,0.494675,267.7,93602.36,936.2847,935.7225,0.105,1.079,2021,8,14,8,0
"2021-08-14 09:00:00",904.0,"4720",10.92,29.4,8.86,4.013,187.4,292.59999999999997,286.4,64.78,20.63,18.01,14.16,12.37,76.73,62.35,0.0,501.2712,1.804575,670.3,93632.62999999999,936.7233,935.9167,0.315,1.873,2021,8,14,9,0
"2021-08-14 10:00:00",905.0,"4720",11.14,32.35,8.71,3.631,186.5,294.40999999999997,286.33,48.22,22.32,20.44,13.93,10.53,64.78,48.22,0.0,672.3113,2.420323,750.3,93669.3,936.8517,936.4021,0.447,2.52,2021,8,14,10,0
"2021-08-14 11:00:00",906.0,"4720",12.63,33.65,9.26,4.219,180.9,295.56,284.96999999999997,49.53,23.57,21.49,12.64,10.02,54.08,46.98,0.0,787.7042,2.835741,886.0,93624.28,936.6983,935.7032,0.553,2.97,2021,8,14,11,0
"2021-08-14 12:00:00",907.0,"4720",11.44,35.48,8.16,3.651,182.5,296.69,285.34,47.32,24.39,22.87,13.06,11.31,51.95,46.73,0.0,790.6113,2.846205,950.0,93536.53,935.8898,934.873,0.574,3.156,2021,8,14,12,0
"2021-08-14 13:00:00",908.0,"4720",11.45,38.46,7.7,3.592,185.3,297.39,286.09,48.23,24.95,23.46,13.59,12.04,51.76,46.85,0.0,794.1522,2.858948,970.0,93444.68000000001,934.9724,933.923,0.582,3.074,2021,8,14,13,0
"2021-08-14 14:00:00",909.0,"4720",11.48,39.76,7.78,3.642,183.4,297.7,285.94,46.41,25.28,23.99,13.51,12.18,50.49,45.1,0.0,725.5904,2.612125,848.0,93368.04,934.1677,933.131,0.546,2.744,2021,8,14,14,0
"2021-08-14 15:00:00",910.0,"4720",11.28,40.58,9.64,3.739,180.0,297.96999999999997,285.77,46.21,25.68,24.06,13.23,11.9,48.78,45.3,0.0,562.3376,2.024418,689.9,93306.3,933.3253,932.7824,0.453,2.185,2021,8,14,15,0
"2021-08-14 16:00:00",911.0,"4720",11.3,40.58,7.87,3.491,186.2,297.48999999999995,285.34999999999997,48.55,25.64,23.4,12.97,11.68,49.67,43.21,0.0,318.6955,1.147302,619.9,93277.37,932.9946,932.4838,0.302,1.449,2021,8,14,16,0
"2021-08-14 17:00:00",912.0,"4720",10.83,36.27,7.36,3.334,183.1,296.39,285.08,52.33,24.2,22.08,12.51,11.52,52.46,46.46,0.0,146.1725,0.5262208,295.4,93301.51,933.2694,932.6593,0.173,0.62,2021,8,14,17,0
"2021-08-14 18:00:00",913.0,"4720",10.65,32.48,6.23,2.532,183.9,294.88,284.81,54.28,22.26,21.22,12.12,11.17,54.69,50.95,0.0,9.640445,0.03470566,43.2,93328.72,933.4285,933.0768,0.046,0.041,2021,8,14,18,0
"2021-08-14 19:00:00",914.0,"4720",10.62,28.44,5.74,2.361,186.1,294.04999999999995,284.15999999999997,53.53,21.4,20.44,11.83,10.6,54.4,52.19,0.0,0.0,0.0,0.0,93339.78,933.4854,933.2593,0.038,0.0,2021,8,14,19,0
"2021-08-14 20:00:00",915.0,"4720",10.59,26.81,7.5,2.742,190.9,292.84999999999997,284.09,62.16,20.58,18.86,11.98,10.54,62.82,53.49,0.0,0.0,0.0,0.0,93373.48,934.1482,933.392,0.038,0.0,2021,8,14,20,0
"2021-08-14 21:00:00",916.0,"4720",10.55,24.87,6.69,2.354,195.1,291.06,286.95,81.5,19.01,17.35,14.41,11.48,81.7,62.16,0.0,0.0,0.0,0.0,93432.53,934.558,933.9684,0.009,0.0,2021,8,14,21,0
"2021-08-14 22:00:00",917.0,"4720",10.54,22.51,7.19,2.821,192.1,290.32,287.41999999999996,84.9,17.59,16.83,14.57,14.01,85.1,81.0,0.0,0.0,0.0,0.0,93457.17,934.7183,934.3188,0.006,0.0,2021,8,14,22,0
"2021-08-14 23:00:00",918.0,"4720",10.51,21.8,7.29,2.826,189.3,289.65,287.32,87.4,16.97,16.3,14.48,13.97,87.7,84.8,0.0,0.0,0.0,0.0,93444.95,934.5242,934.2393,0.002,0.0,2021,8,14,23,0
"2021-08-15 00:00:00",919.0,"4720",10.49,21.28,5.15,2.069,190.5,289.46,287.48999999999995,88.4,16.61,16.23,14.61,14.23,88.7,87.3,0.0,0.0,0.0,0.0,93419.47,934.4644,933.8932,-0.005,0.0,2021,8,15,0,0
"2021-08-15 01:00:00",920.0,"4720",10.48,21.78,5.23,1.863,192.6,289.78999999999996,287.78999999999996,87.8,16.94,16.37,14.91,14.43,88.6,87.2,0.0,0.0,0.0,0.0,93369.78,933.9792,933.21,-0.006,0.0,2021,8,15,1,0
"2021-08-15 02:00:00",921.0,"4720",10.47,21.84,6.32,2.506,191.3,289.75,287.92999999999995,89.9,16.83,16.43,15.0,14.61,90.0,87.8,0.0,0.0,0.0,0.0,93304.35,933.2586,932.8447,-0.003,0.0,2021,8,15,2,0
"2021-08-15 03:00:00",922.0,"4720",10.45,21.83,8.39,3.194,183.7,289.32,287.62,89.9,16.61,15.84,15.02,14.15,90.4,88.8,0.0,0.0001013209,3.647552e-07,0.037,93294.91,933.1047,932.5797,0.0,0.0,2021,8,15,3,0
"2021-08-15 04:00:00",923.0,"4720",10.42,21.32,7.47,2.745,178.6,288.65999999999997,286.84,89.0,16.02,15.25,14.43,13.44,90.4,88.0,0.0,0.0002386248,8.590495e-07,0.089,93306.28,933.2026,932.8995,-0.002,0.0,2021,8,15,4,0
"2021-08-15 05:00:00",924.0,"4720",10.39,20.77,7.91,2.854,183.6,288.40999999999997,286.78999999999996,90.0,15.49,15.19,13.88,13.44,90.7,88.9,0.0,0.0,0.0,0.0,93298.20999999999,933.2811,932.7782,-0.003,0.0,2021,8,15,5,0
"2021-08-15 06:00:00",925.0,"4720",10.37,20.58,6.71,3.096,185.7,288.41999999999996,286.87,90.4,15.44,15.25,13.94,13.62,90.9,89.9,0.0,0.1744669,0.0006280814,1.537,93348.08,933.7902,933.1162,-0.002,0.0,2021,8,15,6,0
"2021-08-15 07:00:00",926.0,"4720",10.37,20.9,8.16,3.587,181.5,288.44,286.72999999999996,88.6,15.55,15.19,13.92,13.31,90.7,88.0,0.0,37.75203,0.1359071,115.9,93401.09,934.4376,933.6285,0.029,0.282,2021,8,15,7,0
"2021-08-15 08:00:00",927.0,"4720",10.43,22.78,8.21,3.717,181.8,289.09,286.27,79.88,16.64,15.25,13.84,12.72,88.7,79.68,0.0,187.1147,0.6736134,495.5,93470.17,935.064,934.2206,0.112,1.094,2021,8,15,8,0
"2021-08-15 09:00:00",928.0,"4720",10.91,25.48,8.64,4.139,184.2,290.31,286.0,73.89,17.67,16.5,13.41,12.63,79.98,73.56,0.0,346.0524,1.24579,822.0,93526.01,935.64,934.7839,0.215,1.889,2021,8,15,9,0
"2021-08-15 10:00:00",929.0,"4720",11.0,29.29,8.62,3.914,184.4,291.82,285.78999999999996,60.4,20.23,17.42,13.44,11.91,74.34,59.88,0.0,564.241,2.03127,904.0,93539.48000000001,935.6609,935.0229,0.352,2.538,2021,8,15,10,0
"2021-08-15 11:00:00",930.0,"4720",11.12,32.4,10.39,3.702,184.4,294.22999999999996,285.44,56.89,22.27,19.79,13.6,11.44,61.1,53.24,0.0,736.8134,2.652524,1099.0,93490.29000000001,935.2524,934.5358,0.492,2.979,2021,8,15,11,0
"2021-08-15 12:00:00",931.0,"4720",11.63,34.49,7.96,3.441,181.3,295.16999999999996,285.32,51.68,23.08,20.77,13.25,11.23,59.57,49.01,0.0,748.1162,2.693219,1079.0,93433.46,934.6708,933.9508,0.521,3.17,2021,8,15,12,0
"2021-08-15 13:00:00",932.0,"4720",11.57,35.65,8.61,3.021,185.3,295.66999999999996,285.16999999999996,54.29,23.6,21.82,13.17,10.93,55.67,48.61,0.0,603.4056,2.172262,1088.0,93368.32,934.0479,933.3947,0.451,3.096,2021,8,15,13,0
"2021-08-15 14:00:00",933.0,"4720",11.57,34.72,6.48,2.95,188.5,295.38,285.79999999999995,54.61,22.93,21.3,13.43,12.2,57.95,51.48,0.0,422.8977,1.522433,976.0,93325.59999999999,933.598,932.8529,0.342,2.756,2021,8,15,14,0
"2021-08-15 15:00:00",934.0,"4720",11.56,35.26,7.79,3.463,182.0,295.53999999999996,285.7,54.1,23.12,21.89,13.19,12.13,55.44,51.48,0.0,467.209,1.681952,917.0,93280.39,933.0247,932.4914,0.363,2.194,2021,8,15,15,0
"2021-08-15 16:00:00",935.0,"4720",11.41,35.51,7.96,3.719,183.3,294.45,285.91999999999996,58.97,22.99,20.64,13.31,12.3,60.16,53.96,0.0,251.3156,0.9047359,550.2,93290.09999999999,933.0549,932.5807,0.231,1.452,2021,8,15,16,0
"2021-08-15 17:00:00",936.0,"4720",11.42,31.52,7.23,3.551,186.8,293.76,285.81,62.04,21.1,19.98,13.15,12.36,62.18,58.51,0.0,162.8424,0.5862327,287.4,93312.31,933.3334,932.8654,0.145,0.622,2021,8,15,17,0
"2021-08-15 18:00:00",937.0,"4720",10.63,30.03,6.86,3.126,186.5,292.66999999999996,285.71999999999997,64.74,20.16,19.19,12.95,12.23,65.14,62.03,0.0,14.28161,0.05141365,67.13,93336.05,933.4725,933.1218,0.041,0.042,2021,8,15,18,0
"2021-08-15 19:00:00",938.0,"4720",10.63,25.98,6.83,3.078,187.0,291.78,285.88,73.5,19.37,17.88,13.25,12.28,73.59,64.63,0.0,0.0,0.0,0.0,93360.02,933.825,933.3256,0.031,0.0,2021,8,15,19,0
"2021-08-15 20:00:00",939.0,"4720",10.6,24.11,5.64,2.519,189.0,290.53,286.17999999999995,77.01,18.01,17.09,13.26,12.93,77.15,73.37,0.0,0.0,0.0,0.0,93400.92,934.2714,933.7483,0.016,0.0,2021,8,15,20,0
"2021-08-15 21:00:00",940.0,"4720",10.57,22.46,5.54,2.006,193.2,289.84999999999997,286.23999999999995,81.4,17.26,16.24,13.3,13.0,81.6,76.95,0.0,0.0,0.0,0.0,93437.71,934.478,934.1388,0.007,0.0,2021,8,15,21,0
"2021-08-15 22:00:00",941.0,"4720",10.55,21.3,4.79,1.919,191.5,289.14,286.23999999999995,83.5,16.41,15.84,13.33,12.98,83.9,81.4,0.0,0.0,0.0,0.0,93443.24,934.5492,934.3464,0.003,0.0,2021,8,15,22,0
"2021-08-15 23:00:00",942.0,"4720",10.52,20.3,5.46,2.365,188.3,288.88,286.4,85.8,16.08,15.58,13.7,12.97,86.1,83.5,0.0,0.0,0.0,0.0,93432.87,934.5078,934.2054,0.004,0.0,2021,8,15,23,0
"2021-08-16 00:00:00",943.0,"4720",10.5,21.05,7.24,2.862,185.1,289.16999999999996,286.94,87.1,16.29,15.84,14.11,13.51,87.2,85.7,0.0,0.0,0.0,0.0,93428.12,934.3867,934.0981,0.005,0.0,2021,8,16,0,0
"2021-08-16 01:00:00",944.0,"4720",10.49,21.15,7.68,2.866,184.6,289.03,287.12,89.0,16.22,15.65,14.2,13.86,89.5,87.0,0.0,0.0,0.0,0.0,93392.13,934.2237,933.5967,0.003,0.0,2021,8,16,1,0
"2021-08-16 02:00:00",945.0,"4720",10.49,20.86,6.25,2.824,183.2,288.73999999999995,286.9,89.3,15.82,15.45,14.04,13.65,89.4,88.2,0.0,0.0,0.0,0.0,93362.63,933.783,933.4349,0.002,0.0,2021,8,16,2,0
"2021-08-16 03:00:00",946.0,"4720",10.46,20.7,5.33,2.259,187.8,288.54999999999995,287.08,91.4,15.86,15.19,14.51,13.72,92.6,89.3,0.0,4.73462e-06,1.704463e-08,0.014,93354.35,933.6694,933.4236,-0.003,0.0,2021,8,16,3,0
"2021-08-16 04:00:00",947.0,"4720",10.46,20.52,4.43,1.927,189.3,288.15,286.98999999999995,94.2,15.39,14.73,14.13,13.73,94.3,91.4,0.0,0.0,0.0,0.0,93366.73,933.7847,933.5361,-0.006,0.0,2021,8,16,4,0
"2021-08-16 05:00:00",948.0,"4720",10.41,19.84,5.22,1.895,183.2,287.78999999999996,286.96999999999997,94.6,14.89,14.47,14.08,13.6,95.3,94.2,0.0,0.0,0.0,0.0,93382.67,933.9977,933.6863,-0.008,0.0,2021,8,16,5,0
"2021-08-16 06:00:00",949.0,"4720",10.38,19.74,6.36,2.234,179.7,287.73999999999995,286.71999999999997,92.1,14.83,14.47,13.87,13.33,94.7,92.0,0.0,0.3101622,0.001116584,2.209,93442.16,934.7802,933.8946,-0.005,0.0,2021,8,16,6,0
"2021-08-16 07:00:00",950.0,"4720",10.36,20.11,4.7,2.035,183.8,287.89,286.56,91.2,15.04,14.6,13.71,13.3,92.3,91.0,0.0,19.06229,0.06862424,59.73,93509.79999999999,935.2638,934.7413,0.022,0.29,2021,8,16,7,0
"2021-08-16 08:00:00",951.0,"4720",10.41,21.82,4.93,2.261,179.8,288.52,286.72999999999996,85.4,16.09,14.86,13.92,13.37,91.2,85.2,0.0,98.7383,0.3554581,141.9,93540.95999999999,935.6935,935.1074,0.067,1.104,2021,8,16,8,0
"2021-08-16 09:00:00",952.0,"4720",10.72,25.93,6.46,2.522,176.8,290.25,286.5,71.22,18.52,15.98,13.76,12.93,85.6,70.63,0.0,283.2335,1.01964,614.6,93598.14,936.208,935.6041,0.179,1.898,2021,8,16,9,0
"2021-08-16 10:00:00",953.0,"4720",11.02,30.68,6.34,2.643,182.0,292.51,286.15,60.4,20.58,18.28,14.01,11.84,72.67,60.28,0.0,536.0729,1.929862,917.0,93604.85,936.2084,935.6969,0.345,2.549,2021,8,16,10,0
"2021-08-16 11:00:00",954.0,"4720",11.05,30.48,5.98,2.618,185.5,293.14,285.9,60.54,20.77,19.39,13.37,12.1,65.73,59.1,0.0,386.6553,1.391958,1048.0,93555.73000000001,935.8384,935.235,0.288,2.988,2021,8,16,11,0
"2021-08-16 12:00:00",955.0,"4720",11.31,32.41,7.26,2.564,185.0,294.40999999999997,285.96,58.13,22.98,20.24,13.98,12.06,62.41,55.07,0.0,529.9664,1.907879,1070.0,93485.6,935.38,934.3491,0.383,3.176,2021,8,16,12,0
"2021-08-16 13:00:00",956.0,"4720",11.61,32.8,7.1,2.556,189.7,294.81,286.33,56.44,22.69,21.16,13.81,12.35,61.1,53.89,0.0,438.9307,1.580148,1117.0,93402.73999999999,934.4545,933.6023,0.337,3.096,2021,8,16,13,0
"2021-08-16 14:00:00",957.0,"4720",11.55,32.63,6.56,2.777,183.0,295.01,286.29999999999995,59.7,22.88,21.23,13.84,12.7,61.09,54.94,0.0,313.4377,1.128377,966.0,93322.77,933.6929,932.8267,0.273,2.762,2021,8,16,14,0
"2021-08-16 15:00:00",958.0,"4720",11.43,36.01,5.96,2.552,189.9,295.48999999999995,286.2,55.92,24.03,21.16,13.54,12.62,60.1,51.36,0.0,429.3143,1.545532,671.8,93282.4,932.983,932.5807,0.326,2.199,2021,8,16,15,0
"2021-08-16 16:00:00",959.0,"4720",11.37,35.68,6.01,2.669,186.5,294.91999999999996,286.06,59.75,23.24,20.9,13.65,12.57,60.16,53.31,0.0,224.4451,0.8080036,547.3,93293.88,933.131,932.7142,0.205,1.458,2021,8,16,16,0
"2021-08-16 17:00:00",960.0,"4720",11.36,30.94,7.03,2.924,188.7,293.76,286.15,62.99,21.21,20.18,13.35,12.8,63.21,59.75,0.0,112.096,0.4035454,256.5,93321.33,933.3313,932.9991,0.121,0.626,2021,8,16,17,0
"2021-08-16 18:00:00",961.0,"4720",10.65,28.68,6.05,2.321,189.6,292.35999999999996,286.03,69.26,20.32,18.47,13.13,12.74,69.56,62.88,0.0,9.64703,0.0347293,49.96,93344.38,933.6992,933.1887,0.029,0.042,2021,8,16,18,0
"2021-08-16 19:00:00",962.0,"4720",10.64,24.67,4.52,1.675,193.1,291.06,285.9,74.54,18.59,17.68,13.3,12.53,74.68,69.26,0.0,0.0,0.0,0.0,93374.84,933.8545,933.6427,0.013,0.0,2021,8,16,19,0
"2021-08-16 20:00:00",963.0,"4720",10.61,22.73,4.07,1.512,193.2,290.23999999999995,286.09,77.27,17.79,16.83,13.29,12.8,77.6,74.47,0.0,0.0,0.0,0.0,93405.33,934.2867,933.6926,0.006,0.0,2021,8,16,20,0
"2021-08-16 21:00:00",964.0,"4720",10.57,21.62,3.7,1.374,194.8,289.73999999999995,285.95,79.63,17.0,16.24,13.05,12.69,79.8,77.21,0.0,0.0,0.0,0.0,93438.54,934.5947,934.2457,0.003,0.0,2021,8,16,21,0
"2021-08-16 22:00:00",965.0,"4720",10.55,20.69,3.03,1.0,194.7,289.26,285.81,80.4,16.41,15.97,12.94,12.53,80.4,79.55,0.0,0.0,0.0,0.0,93467.3,934.8915,934.4822,-0.002,0.0,2021,8,16,22,0
"2021-08-16 23:00:00",966.0,"4720",10.53,19.96,4.36,1.442,197.6,289.04999999999995,285.83,83.1,16.22,15.64,12.93,12.57,83.1,80.0,0.0,0.0,0.0,0.0,93479.17,934.9039,934.6996,0.002,0.0,2021,8,16,23,0
"2021-08-17 00:00:00",967.0,"4720",10.52,19.9,4.39,1.912,193.4,288.60999999999996,286.19,87.8,15.88,15.25,13.5,12.79,88.1,83.1,0.0,0.0,0.0,0.0,93467.4,934.8281,934.4254,0.002,0.0,2021,8,17,0,0
"2021-08-17 01:00:00",968.0,"4720",10.5,19.68,5.8,2.113,190.9,288.38,286.58,89.2,15.48,14.99,13.68,13.24,89.4,87.8,0.0,0.0,0.0,0.0,93427.81,934.4706,933.9883,0.0,0.0,2021,8,17,1,0
"2021-08-17 02:00:00",969.0,"4720",10.48,19.64,4.47,1.933,194.0,287.79999999999995,286.17999999999995,90.2,15.23,14.33,13.49,12.77,90.7,89.1,0.0,0.0,0.0,0.0,93388.18,934.1177,933.6117,-0.002,0.0,2021,8,17,2,0
"2021-08-17 03:00:00",970.0,"4720",10.46,18.82,4.75,1.953,195.8,287.39,285.92999999999995,91.3,14.51,14.07,13.02,12.63,91.6,90.2,0.0,0.0,0.0,0.0,93345.2,933.6517,933.178,-0.003,0.0,2021,8,17,3,0
"2021-08-17 04:00:00",971.0,"4720",10.43,19.2,4.36,1.93,192.6,287.32,286.01,92.2,14.38,14.14,13.07,12.74,92.4,91.2,0.0,0.0,0.0,0.0,93339.36,933.5858,933.1907,-0.003,0.0,2021,8,17,4,0
"2021-08-17 05:00:00",972.0,"4720",10.4,19.39,4.99,2.102,188.8,287.15999999999997,286.0,92.6,14.31,13.94,13.1,12.75,93.1,92.1,0.0,0.0,0.0,0.0,93363.65,933.7864,933.465,-0.004,0.0,2021,8,17,5,0
"2021-08-17 06:00:00",973.0,"4720",10.35,19.22,5.61,1.912,194.8,287.03999999999996,285.79999999999995,92.2,14.12,13.81,12.92,12.54,92.6,91.9,0.0,0.518293,0.001865856,5.638,93400.95,934.2218,933.6804,-0.004,0.0,2021,8,17,6,0
"2021-08-17 07:00:00",974.0,"4720",10.36,19.94,5.06,2.083,195.7,287.40999999999997,285.71,84.9,15.23,13.74,12.98,12.37,92.3,84.2,0.0,70.01041,0.252038,188.0,93450.31999999999,934.71,934.1541,0.016,0.299,2021,8,17,7,0
"2021-08-17 08:00:00",975.0,"4720",10.48,23.25,6.32,2.772,189.1,288.78999999999996,285.91999999999996,79.82,16.54,14.99,13.22,12.48,85.5,79.49,0.0,215.7784,0.7768018,534.2,93499.76000000001,935.3612,934.6352,0.119,1.119,2021,8,17,8,0
"2021-08-17 09:00:00",976.0,"4720",10.99,26.43,6.09,2.67,187.6,290.2,285.98999999999995,71.74,17.92,16.24,13.3,12.45,80.5,71.61,0.0,362.1781,1.303841,761.6,93548.17,935.7238,935.1858,0.217,1.915,2021,8,17,9,0
"2021-08-17 10:00:00",977.0,"4720",11.03,30.37,6.28,2.687,181.5,292.29999999999995,285.71,62.39,20.23,17.68,13.18,12.13,72.46,61.97,0.0,548.7352,1.975446,985.0,93543.18,935.6764,935.1274,0.352,2.567,2021,8,17,10,0
"2021-08-17 11:00:00",978.0,"4720",11.18,31.88,5.43,2.302,184.8,293.54999999999995,285.79999999999995,58.52,22.18,19.59,13.41,12.24,63.99,56.17,0.0,542.7615,1.95394,1023.0,93490.03,935.261,934.4359,0.374,3.003,2021,8,17,11,0
"2021-08-17 12:00:00",979.0,"4720",11.59,36.4,6.21,2.187,184.8,295.4,285.7,51.95,24.35,20.64,13.5,11.96,58.96,48.94,0.0,741.8596,2.670689,1006.0,93397.01,934.4976,933.4496,0.512,3.192,2021,8,17,12,0
"2021-08-17 13:00:00",980.0,"4720",11.57,38.87,5.62,1.801,181.9,296.76,285.47999999999996,46.08,24.85,22.42,13.15,11.65,53.51,44.0,0.0,753.9001,2.714047,917.0,93292.3,933.5172,932.3361,0.533,3.117,2021,8,17,13,0
"2021-08-17 14:00:00",981.0,"4720",11.82,41.64,4.87,1.983,175.0,297.54999999999995,285.0,43.12,25.49,23.67,12.86,11.14,49.6,42.24,0.0,705.634,2.540284,808.0,93197.38,932.3854,931.5587,0.512,2.785,2021,8,17,14,0
"2021-08-17 15:00:00",982.0,"4720",11.53,42.31,5.57,2.136,170.1,298.07,284.83,44.46,25.65,24.32,12.43,10.88,45.57,41.0,0.0,556.3636,2.002908,637.6,93127.5,931.6411,931.0217,0.421,2.219,2021,8,17,15,0
"2021-08-17 16:00:00",983.0,"4720",11.59,41.99,5.17,2.136,177.4,297.66999999999996,284.88,44.71,25.37,24.06,12.46,11.31,45.89,43.48,0.0,370.6552,1.334361,470.2,93098.56999999999,931.1649,930.8157,0.29,1.471,2021,8,17,16,0
"2021-08-17 17:00:00",984.0,"4720",11.22,39.9,5.31,2.112,178.2,296.88,285.04999999999995,50.44,24.82,22.73,12.3,11.57,50.63,44.19,0.0,153.88,0.5539677,262.0,93092.48999999999,930.9922,930.7716,0.14,0.633,2021,8,17,17,0
"2021-08-17 18:00:00",985.0,"4720",10.64,35.01,5.13,2.232,181.1,294.57,285.03,57.99,22.85,20.37,12.16,11.72,58.13,50.44,0.0,11.0382,0.03973754,54.45,93101.21,931.1937,930.8398,0.039,0.043,2021,8,17,18,0
"2021-08-17 19:00:00",986.0,"4720",10.63,28.33,3.8,1.482,194.3,292.59,285.35999999999996,65.44,20.51,18.86,12.56,11.83,65.54,57.99,0.0,0.0,0.0,0.0,93136.58,931.6879,931.1432,0.011,0.0,2021,8,17,19,0
"2021-08-17 20:00:00",987.0,"4720",10.59,25.14,3.32,1.332,199.2,291.54999999999995,285.42999999999995,68.35,19.1,18.01,12.53,12.08,68.65,65.41,0.0,0.0,0.0,0.0,93188.23999999999,932.1166,931.6486,0.004,0.0,2021,8,17,20,0
"2021-08-17 21:00:00",988.0,"4720",10.56,23.31,3.12,1.283,195.9,290.96999999999997,285.17999999999995,68.93,18.24,17.61,12.33,11.8,69.44,68.28,0.0,0.0,0.0,0.0,93215.7,932.2379,932.0314,0.002,0.0,2021,8,17,21,0
"2021-08-17 22:00:00",989.0,"4720",10.53,22.16,3.1,0.937,192.1,290.40999999999997,284.85999999999996,71.21,17.79,16.69,12.03,11.41,71.36,68.8,0.0,0.0,0.0,0.0,93228.01,932.4425,932.1498,-0.005,0.0,2021,8,17,22,0
"2021-08-17 23:00:00",990.0,"4720",10.49,21.04,1.85,0.546,294.3,289.59999999999997,284.59,73.56,17.02,15.97,11.82,11.21,73.86,70.88,0.0,0.0,0.0,0.0,93216.8,932.4507,931.9989,-0.015,0.0,2021,8,17,23,0
"2021-08-18 00:00:00",991.0,"4720",10.49,19.75,1.45,0.622,330.9,288.34,284.23999999999995,79.68,16.21,14.33,11.56,10.74,79.76,73.55,0.0,0.0,0.0,0.0,93192.94,932.0736,931.7242,-0.014,0.0,2021,8,18,0,0
"2021-08-18 01:00:00",992.0,"4720",10.47,18.49,1.49,0.709,337.7,287.28999999999996,283.95,79.6,14.63,13.81,11.22,10.55,81.9,78.82,0.0,0.0,0.0,0.0,93126.84000000001,931.7474,930.9956,-0.014,0.0,2021,8,18,1,0
"2021-08-18 02:00:00",993.0,"4720",10.45,17.33,1.77,0.464,348.6,287.59,283.79999999999995,76.22,14.9,13.94,11.03,10.45,80.5,76.15,0.0,0.0,0.0,0.0,93066.42,931.026,930.295,-0.018,0.0,2021,8,18,2,0
"2021-08-18 03:00:00",994.0,"4720",10.42,17.46,2.13,0.497,326.5,287.89,283.59999999999997,75.16,15.03,14.59,10.83,10.29,76.34,74.92,0.0,0.0,0.0,0.0,93008.83,930.3271,929.9,-0.017,0.0,2021,8,18,3,0
"2021-08-18 04:00:00",995.0,"4720",10.42,17.62,2.48,0.76,352.1,288.07,283.54999999999995,75.06,15.36,14.66,10.68,10.27,75.34,73.35,0.0,0.0,0.0,0.0,92984.07999999999,930.017,929.7278,-0.011,0.0,2021,8,18,4,0
"2021-08-18 05:00:00",996.0,"4720",10.37,17.38,2.62,0.663,347.5,287.51,283.46,77.73,14.84,14.07,10.56,10.15,78.27,74.98,0.0,0.0,0.0,0.0,93004.19,930.1486,929.9834,-0.013,0.0,2021,8,18,5,0
"2021-08-18 06:00:00",997.0,"4720",10.35,17.43,3.31,1.227,9.26,287.41999999999996,283.84,81.2,14.62,14.07,11.24,10.35,81.6,76.93,0.0,0.3338476,0.001201851,5.025,93030.12999999999,930.533,930.1197,-0.006,0.001,2021,8,18,6,0
"2021-08-18 07:00:00",998.0,"4720",10.36,18.87,3.74,1.082,2.676,287.96,284.34999999999997,73.42,16.51,14.13,11.77,10.91,81.5,73.29,0.0,47.77747,0.1719988,186.3,93066.8,930.9354,930.4725,0.023,0.309,2021,8,18,7,0
"2021-08-18 08:00:00",999.0,"4720",10.41,26.54,5.26,1.768,19.91,291.29999999999995,285.23999999999995,63.67,19.76,16.37,12.87,11.56,73.56,63.4,0.0,300.8033,1.08289,411.7,93108.25,931.3445,930.8701,0.173,1.134,2021,8,18,8,0
"2021-08-18 09:00:00",1000.0,"4720",10.92,32.02,5.96,1.844,33.17,294.15999999999997,285.63,50.25,22.7,19.59,13.01,11.63,63.77,50.25,0.0,505.845,1.821042,601.2,93140.51,931.5808,931.2759,0.331,1.931,2021,8,18,9,0
"2021-08-18 10:00:00",1001.0,"4720",11.14,35.43,6.82,2.175,43.68,296.88,284.83,44.97,24.69,22.47,12.18,10.97,50.88,44.45,0.0,673.5172,2.424663,733.9,93149.98000000001,931.6354,931.2767,0.483,2.589,2021,8,18,10,0
"2021-08-18 11:00:00",1002.0,"4720",11.98,37.0,6.59,2.021,43.23,298.33,285.17999999999995,44.0,25.92,24.37,12.7,11.57,45.55,42.11,0.0,765.0971,2.754345,794.3,93089.48000000001,931.3856,930.3901,0.563,3.024,2021,8,18,11,0
"2021-08-18 12:00:00",1003.0,"4720",12.0,39.27,5.12,1.808,56.99,299.28,285.44,40.82,27.13,25.23,12.9,11.73,44.92,39.83,0.0,796.39,2.867007,811.0,92992.89,930.5054,929.3588,0.593,3.208,2021,8,18,12,0
"2021-08-18 13:00:00",1004.0,"4720",11.24,42.69,4.66,1.369,85.5,300.56,285.17999999999995,36.12,28.17,26.74,12.94,10.65,40.94,34.82,0.0,709.3469,2.553652,819.0,92890.74,929.389,928.3876,0.542,3.133,2021,8,18,13,0
"2021-08-18 14:00:00",1005.0,"4720",11.39,45.84,4.71,1.483,71.93,301.47999999999996,283.87,32.54,29.3,27.53,11.77,9.62,36.57,30.9,0.0,670.3018,2.413084,852.0,92789.27,928.4529,927.3174,0.523,2.807,2021,8,18,14,0
"2021-08-18 15:00:00",1006.0,"4720",11.34,47.04,4.56,1.457,74.86,301.7,283.12,31.69,29.22,27.86,11.19,9.31,33.6,29.6,0.0,514.7141,1.852971,671.4,92697.56,927.391,926.7531,0.413,2.241,2021,8,18,15,0
"2021-08-18 16:00:00",1007.0,"4720",11.22,45.22,4.33,1.212,49.44,301.10999999999996,282.66999999999996,31.49,28.6,27.07,10.0,9.04,33.32,30.12,0.0,315.2263,1.134814,490.6,92680.33,926.973,926.6838,0.257,1.49,2021,8,18,16,0
"2021-08-18 17:00:00",1008.0,"4720",10.68,43.34,3.51,1.125,67.1,299.98999999999995,282.89,36.89,28.46,25.42,10.16,9.55,37.34,30.9,0.0,109.8876,0.3955957,261.0,92704.09,927.1924,926.906,0.111,0.642,2021,8,18,17,0
"2021-08-18 18:00:00",1009.0,"4720",10.64,36.68,2.81,0.628,35.23,297.13,282.9,45.87,25.54,21.94,10.09,9.57,46.05,36.82,0.0,6.581701,0.02369415,30.33,92722.06,927.3296,927.1476,0.003,0.044,2021,8,18,18,0
"2021-08-18 19:00:00",1010.0,"4720",10.61,30.75,0.85,0.38,338.0,294.34,282.34,46.0,22.09,20.63,9.98,8.46,47.21,44.69,0.0,0.0,0.0,0.0,92748.06999999999,927.7998,927.2816,-0.013,0.0,2021,8,18,19,0
"2021-08-18 20:00:00",1011.0,"4720",10.57,26.28,2.08,0.416,207.1,293.40999999999997,282.25,49.06,21.1,19.71,9.78,8.62,50.03,45.99,0.0,0.0,0.0,0.0,92818.8,928.6108,927.7679,-0.011,0.0,2021,8,18,20,0
"2021-08-18 21:00:00",1012.0,"4720",10.53,24.74,1.23,0.416,351.1,292.73999999999995,283.44,57.85,20.84,18.73,10.98,9.58,58.43,48.99,0.0,0.0,0.0,0.0,92868.40999999999,928.8623,928.5729,-0.012,0.0,2021,8,18,21,0
"2021-08-18 22:00:00",1013.0,"4720",10.52,22.91,1.58,0.613,337.8,291.69,283.78,61.17,19.13,18.07,11.18,10.31,61.8,57.85,0.0,0.0,0.0,0.0,92886.91,928.9781,928.8019,-0.007,0.0,2021,8,18,22,0
"2021-08-18 23:00:00",1014.0,"4720",10.49,21.66,1.94,0.756,301.2,291.46,283.84999999999997,63.91,18.84,17.29,11.04,10.29,64.75,60.13,0.0,0.0,0.0,0.0,92870.87,928.8711,928.5267,-0.003,0.0,2021,8,18,23,0
"2021-08-19 00:00:00",1015.0,"4720",10.47,21.31,2.46,1.05,302.8,291.34,284.02,61.24,18.86,17.54,11.16,10.49,64.4,60.59,0.0,0.0,0.0,0.0,92834.11,928.5524,928.1749,0.004,0.0,2021,8,19,0,0
"2021-08-19 01:00:00",1016.0,"4720",10.46,21.75,2.52,1.154,297.1,291.38,283.94,63.13,18.77,17.55,11.12,10.47,63.3,60.65,0.0,0.0,0.0,0.0,92788.17,928.2105,927.5446,0.007,0.0,2021,8,19,1,0
"2021-08-19 02:00:00",1017.0,"4720",10.45,21.18,1.46,0.489,333.0,290.32,283.34,61.52,17.69,16.69,10.64,9.95,65.88,61.3,0.0,0.0,0.0,0.0,92736.81,927.5748,927.1763,-0.011,0.0,2021,8,19,2,0
"2021-08-19 03:00:00",1018.0,"4720",10.43,19.97,2.09,0.564,333.6,290.33,282.84999999999997,61.76,17.66,16.69,10.16,9.26,62.47,60.78,0.0,0.0,0.0,0.0,92709.37,927.2181,926.9971,-0.009,0.0,2021,8,19,3,0
"2021-08-19 04:00:00",1019.0,"4720",10.4,19.57,1.54,0.495,343.1,289.91999999999996,282.28999999999996,60.32,17.14,16.56,9.51,8.98,62.11,59.54,0.0,0.0,0.0,0.0,92700.06,927.062,926.9312,-0.011,0.0,2021,8,19,4,0
"2021-08-19 05:00:00",1020.0,"4720",10.38,18.96,1.66,0.467,319.2,290.01,282.27,61.62,17.33,16.36,9.36,8.93,61.74,59.21,0.0,0.0,0.0,0.0,92715.36,927.4346,926.998,-0.011,0.0,2021,8,19,5,0
"2021-08-19 06:00:00",1021.0,"4720",10.35,18.88,2.99,0.921,3.345,289.34,282.19,62.8,16.56,15.77,9.46,8.82,63.85,61.49,0.0,0.3668156,0.001320536,5.543,92776.87,928.2007,927.4015,0.0,0.001,2021,8,19,6,0
"2021-08-19 07:00:00",1022.0,"4720",10.36,20.86,3.87,1.084,18.96,290.07,282.96,59.97,18.55,16.17,10.65,9.23,64.44,59.8,0.0,47.97461,0.1727085,177.0,92848.90000000001,928.9053,928.1819,0.038,0.32,2021,8,19,7,0
"2021-08-19 08:00:00",1023.0,"4720",10.41,27.96,5.88,1.854,33.99,292.88,283.98999999999995,55.52,21.14,18.4,11.96,10.37,60.05,54.47,0.0,292.5896,1.053323,407.5,92919.15000000001,929.5325,928.8641,0.191,1.152,2021,8,19,8,0
"2021-08-19 09:00:00",1024.0,"4720",10.88,31.93,6.77,2.408,41.24,294.96,285.84,55.0,22.86,20.96,13.41,11.73,57.53,54.68,0.0,506.1681,1.822206,597.8,92978.78,930.1316,929.445,0.348,1.943,2021,8,19,9,0
"2021-08-19 10:00:00",1025.0,"4720",11.13,34.97,7.33,2.476,54.04,296.81,286.90999999999997,52.47,24.72,22.67,14.49,13.14,55.45,51.23,0.0,665.0599,2.39421,730.9,92993.07,930.1518,929.5715,0.472,2.584,2021,8,19,10,0
"2021-08-19 11:00:00",1026.0,"4720",11.61,36.68,6.11,2.352,59.4,298.57,287.06,45.76,26.46,24.11,14.4,13.4,52.95,45.5,0.0,759.864,2.735506,790.3,92919.48999999999,929.6571,928.6136,0.562,3.018,2021,8,19,11,0
"2021-08-19 12:00:00",1027.0,"4720",11.94,39.34,6.05,2.137,57.96,300.28,286.09999999999997,37.82,28.22,26.08,13.92,11.62,45.82,36.31,0.0,788.4774,2.838511,810.0,92801.76,928.6912,927.3587,0.608,3.215,2021,8,19,12,0
"2021-08-19 13:00:00",1028.0,"4720",11.88,43.34,5.66,1.944,60.4,301.58,284.44,28.43,29.28,27.79,12.63,8.49,38.39,27.65,0.0,787.4346,2.834765,814.0,92685.18000000001,927.3903,926.3306,0.621,3.152,2021,8,19,13,0
"2021-08-19 14:00:00",1029.0,"4720",11.21,46.22,5.04,1.372,67.45,302.45,281.35999999999996,23.41,30.53,27.79,10.86,6.56,32.28,22.96,0.0,617.671,2.223616,778.6,92584.76000000001,926.3672,925.3999,0.499,2.84,2021,8,19,14,0
"2021-08-19 15:00:00",1030.0,"4720",11.64,47.51,4.17,1.297,62.9,303.33,280.046,23.34,30.91,29.5,8.35,5.027,25.78,19.96,0.0,561.8762,2.022755,650.7,92498.85,925.4296,924.5918,0.447,2.273,2021,8,19,15,0
"2021-08-19 16:00:00",1031.0,"4720",11.16,47.14,4.58,1.212,50.58,303.08,280.209,24.13,30.6,29.37,8.03,6.224,25.58,22.31,0.0,338.3466,1.218047,478.5,92477.5,924.9606,924.6053,0.279,1.51,2021,8,19,16,0
"2021-08-19 17:00:00",1032.0,"4720",11.05,44.79,3.45,0.999,63.87,301.95,280.191,27.68,29.81,27.78,8.41,5.53,27.87,22.11,0.0,127.5676,0.4592431,243.9,92497.12,925.0232,924.8749,0.114,0.653,2021,8,19,17,0
"2021-08-19 18:00:00",1033.0,"4720",10.64,39.02,2.61,0.612,63.33,298.95,280.251,31.93,27.93,23.85,8.4,6.144,33.28,27.64,0.0,"NAN","NAN","NAN",92512.92,925.3643,924.9355,0.001,0.044,2021,8,19,18,0
"2021-08-19 19:00:00",1034.0,"4720",10.64,31.74,1.08,0.577,342.9,295.52,279.428,34.26,23.99,21.61,7.378,5.21,37.61,31.86,0.0,0.0,0.0,0.0,92570.65,926.0696,925.3326,-0.005,0.0,2021,8,19,19,0
"2021-08-19 20:00:00",1035.0,"4720",10.58,27.33,1.18,0.603,343.7,294.40999999999997,278.596,36.02,21.79,20.96,5.842,5.119,36.68,34.26,0.0,0.0,0.0,0.0,92634.33,926.6627,926.0468,-0.004,0.0,2021,8,19,20,0
"2021-08-19 21:00:00",1036.0,"4720",10.55,25.36,1.58,0.841,340.2,294.0,278.019,35.43,21.44,20.37,5.864,4.25,37.12,32.82,0.0,0.0,0.0,0.0,92686.47,927.096,926.634,0.008,0.0,2021,8,19,21,0
"2021-08-19 22:00:00",1037.0,"4720",10.53,24.5,1.94,0.796,329.3,293.73999999999995,278.41999999999996,37.78,21.2,19.91,6.012,4.715,38.42,35.04,0.0,0.0,0.0,0.0,92709.41,927.1665,927.0409,0.005,0.0,2021,8,19,22,0
"2021-08-19 23:00:00",1038.0,"4720",10.51,23.4,1.41,0.763,340.7,292.67999999999995,278.712,42.14,20.26,18.6,6.078,5.095,42.42,37.84,0.0,0.0,0.0,0.0,92696.8,927.081,926.8372,0.002,0.0,2021,8,19,23,0
"2021-08-20 00:00:00",1039.0,"4720",10.49,22.07,1.22,0.524,328.6,292.33,278.965,41.29,19.59,18.73,6.312,5.506,42.67,40.64,0.0,0.0,0.0,0.0,92677.82999999999,926.8969,926.6642,-0.009,0.0,2021,8,20,0,0
"2021-08-20 01:00:00",1040.0,"4720",10.48,21.74,1.49,0.67,335.3,292.46999999999997,279.35699999999997,43.64,19.62,19.12,6.858,5.794,43.82,40.96,0.0,0.0,0.0,0.0,92652.03,926.7051,926.3472,-0.003,0.0,2021,8,20,1,0
"2021-08-20 02:00:00",1041.0,"4720",10.45,21.62,1.36,0.732,335.7,292.19,280.65299999999996,51.01,19.49,18.66,8.58,6.655,51.16,43.64,0.0,0.0,0.0,0.0,92627.09999999999,926.3804,926.2657,-0.002,0.0,2021,8,20,2,0
"2021-08-20 03:00:00",1042.0,"4720",10.44,21.26,1.69,0.859,338.8,291.7,281.77,55.11,19.06,17.88,9.1,8.28,55.22,50.81,0.0,0.0,0.0,0.0,92623.13,926.2955,926.125,0.001,0.0,2021,8,20,3,0
"2021-08-20 04:00:00",1043.0,"4720",10.41,20.95,1.44,0.792,333.0,291.06,282.27,57.06,18.32,17.61,9.7,8.81,58.05,54.59,0.0,0.0,0.0,0.0,92614.58,926.2017,926.0408,-0.003,0.0,2021,8,20,4,0
"2021-08-20 05:00:00",1044.0,"4720",10.4,20.25,1.37,0.606,327.5,290.78,282.71999999999997,61.76,18.42,16.63,9.89,9.34,62.91,56.74,0.0,0.0,0.0,0.0,92639.4,926.582,926.1766,-0.01,0.0,2021,8,20,5,0
"2021-08-20 06:00:00",1045.0,"4720",10.36,19.64,1.15,0.695,340.3,290.46999999999997,283.01,61.04,17.83,16.76,10.28,9.52,62.74,60.91,0.0,0.4332128,0.001559567,6.276,92699.23999999999,927.5128,926.5416,-0.007,0.001,2021,8,20,6,0
"2021-08-20 07:00:00",1046.0,"4720",10.38,21.59,2.16,0.718,345.1,291.47999999999996,283.44,55.25,20.27,17.54,11.06,10.0,61.56,55.25,0.0,"NAN","NAN","NAN",92803.62,928.4932,927.4818,0.031,0.328,2021,8,20,7,0
"2021-08-20 08:00:00",1047.0,"4720",10.43,29.7,5.42,1.575,29.33,295.41999999999996,284.34999999999997,47.31,23.42,20.1,11.79,10.8,55.3,47.18,0.0,297.7311,1.071833,406.2,92886.44,929.3843,928.4609,0.206,1.163,2021,8,20,8,0
"2021-08-20 09:00:00",1048.0,"4720",10.93,33.26,7.27,2.482,37.23,296.71,284.78,45.69,24.55,23.0,12.45,11.26,48.28,45.55,0.0,496.1671,1.786201,591.1,92975.5,930.1174,929.3148,0.372,1.965,2021,8,20,9,0
"2021-08-20 10:00:00",1049.0,"4720",11.12,36.39,7.01,2.57,46.53,298.51,286.17999999999995,43.29,26.58,24.24,14.17,11.89,49.01,43.02,0.0,657.4115,2.366682,725.6,92994.84999999999,930.1012,929.7175,0.499,2.605,2021,8,20,10,0
"2021-08-20 11:00:00",1050.0,"4720",11.86,38.02,7.11,2.467,57.47,300.14,286.32,40.88,28.18,26.15,13.86,12.57,45.56,39.83,0.0,745.4794,2.683728,780.6,92937.45999999999,929.8116,928.8367,0.583,3.04,2021,8,20,11,0
"2021-08-20 12:00:00",1051.0,"4720",11.53,40.38,6.55,2.289,61.94,301.46,285.71,35.21,29.31,27.33,13.65,11.36,41.64,34.49,0.0,762.0855,2.743511,803.0,92849.08,928.9749,928.038,0.614,3.232,2021,8,20,12,0
"2021-08-20 13:00:00",1052.0,"4720",11.29,43.13,5.85,2.058,59.51,302.34,285.15,33.91,30.28,28.64,12.74,11.09,36.83,32.21,0.0,735.7319,2.64864,827.0,92767.19,928.1158,927.3218,0.601,3.157,2021,8,20,13,0
"2021-08-20 14:00:00",1053.0,"4720",11.24,45.6,6.02,1.805,94.8,302.87,283.25,28.89,30.71,28.64,12.55,7.732,34.38,25.5,0.0,588.8577,2.119889,786.3,92701.19,927.3818,926.6686,0.503,2.833,2021,8,20,14,0
"2021-08-20 15:00:00",1054.0,"4720",11.17,45.53,9.11,1.696,89.8,303.22999999999996,282.32,26.93,30.73,29.43,10.17,8.53,29.01,25.96,0.0,508.4215,1.830322,634.1,92656.70999999999,926.791,926.0673,0.435,2.264,2021,8,20,15,0
"2021-08-20 16:00:00",1055.0,"4720",11.13,45.98,5.11,1.65,82.1,303.56,282.33,27.39,31.32,29.17,10.01,8.06,28.83,23.68,0.0,351.3184,1.26475,533.0,92634.64,926.4407,926.2897,0.313,1.505,2021,8,20,16,0
"2021-08-20 17:00:00",1056.0,"4720",10.96,43.94,6.08,1.48,79.71,301.54999999999995,282.22999999999996,31.36,29.32,27.78,9.61,8.3,31.47,27.25,0.0,101.745,0.3662816,177.4,92648.96,926.6271,926.3474,0.139,0.652,2021,8,20,17,0
"2021-08-20 18:00:00",1057.0,"4720",10.64,37.76,3.56,0.93,75.35,299.84,283.09,38.38,27.93,25.55,10.61,9.28,38.58,31.36,0.0,11.30342,0.0406923,43.98,92673.38,926.92,926.5285,0.024,0.045,2021,8,20,18,0
"2021-08-20 19:00:00",1058.0,"4720",10.64,32.81,1.22,0.547,1.302,297.97999999999996,283.77,41.98,25.73,24.43,11.06,10.36,42.48,38.38,0.0,0.0,0.0,0.0,92708.46,927.3503,926.8682,-0.002,0.0,2021,8,20,19,0
"2021-08-20 20:00:00",1059.0,"4720",10.6,30.54,1.44,0.695,344.6,297.22999999999996,284.03999999999996,45.22,24.55,23.58,11.24,10.6,45.35,41.97,0.0,0.0,0.0,0.0,92772.89,928.1465,927.3234,0.004,0.0,2021,8,20,20,0
"2021-08-20 21:00:00",1060.0,"4720",10.57,29.23,1.17,0.32,328.8,295.63,284.27,51.28,23.76,21.48,11.44,10.94,51.75,45.16,0.0,0.0,0.0,0.0,92834.45,928.5544,928.1166,-0.014,0.0,2021,8,20,21,0
"2021-08-20 22:00:00",1061.0,"4720",10.54,26.04,1.99,0.663,333.5,294.15999999999997,284.21999999999997,53.5,21.84,20.5,11.41,10.89,54.94,50.82,0.0,0.0,0.0,0.0,92864.66,928.7563,928.496,-0.001,0.0,2021,8,20,22,0
"2021-08-20 23:00:00",1062.0,"4720",10.51,24.76,2.22,0.737,317.0,294.44,284.40999999999997,51.73,21.95,20.63,11.58,11.09,54.68,51.41,0.0,0.0,0.0,0.0,92858.51,928.7006,928.5371,0.002,0.0,2021,8,20,23,0
"2021-08-21 00:00:00",1063.0,"4720",10.49,24.68,1.55,0.589,318.0,294.07,284.44,56.43,21.85,19.98,11.71,11.06,56.59,51.73,0.0,0.0,0.0,0.0,92846.92,928.6167,928.2811,-0.004,0.0,2021,8,21,0,0
"2021-08-21 01:00:00",1064.0,"4720",10.48,23.69,2.83,1.243,316.4,292.73999999999995,284.29999999999995,57.01,20.15,19.19,11.4,11.04,59.61,56.42,0.0,0.0,0.0,0.0,92803.18,928.3098,927.8095,0.013,0.0,2021,8,21,1,0
"2021-08-21 02:00:00",1065.0,"4720",10.48,23.06,2.97,0.97,264.5,292.08,284.27,61.97,20.34,17.94,11.45,10.89,64.13,56.36,0.0,0.0,0.0,0.0,92769.06,927.8552,927.4819,0.004,0.0,2021,8,21,2,0
"2021-08-21 03:00:00",1066.0,"4720",10.44,22.76,2.49,1.006,298.6,291.95,284.40999999999997,58.05,20.0,18.14,11.58,11.02,64.11,58.05,0.0,0.0,0.0,0.0,92750.07,927.5958,927.3993,0.004,0.0,2021,8,21,3,0
"2021-08-21 04:00:00",1067.0,"4720",10.44,24.0,2.3,0.804,319.8,293.17999999999995,284.77,60.09,20.68,19.45,12.09,11.37,61.35,56.1,0.0,0.0,0.0,0.0,92784.93,928.1854,927.4071,0.001,0.0,2021,8,21,4,0
"2021-08-21 05:00:00",1068.0,"4720",10.42,23.3,2.47,0.931,356.9,292.47999999999996,284.34,59.49,19.59,19.12,11.75,11.02,60.88,58.5,0.0,0.0,0.0,0.0,92836.44,928.5986,928.1426,0.004,0.0,2021,8,21,5,0
"2021-08-21 06:00:00",1069.0,"4720",10.39,22.21,2.7,0.951,359.8,291.66999999999996,284.34999999999997,64.5,19.3,18.2,11.57,11.04,64.5,59.48,0.0,0.3134688,0.001128488,4.725,92888.62000000001,929.066,928.5658,0.003,0.001,2021,8,21,6,0
"2021-08-21 07:00:00",1070.0,"4720",10.39,22.69,3.67,0.692,353.7,291.60999999999996,285.03,62.74,20.25,18.14,12.95,11.34,66.37,62.74,0.0,50.97313,0.183503,187.3,92948.89,929.9146,929.0107,0.029,0.336,2021,8,21,7,0
"2021-08-21 08:00:00",1071.0,"4720",10.44,30.03,5.3,1.709,29.14,295.09999999999997,286.89,59.51,23.51,20.1,14.93,12.71,62.79,58.0,0.0,272.8912,0.9824066,415.4,93011.29,930.3883,929.8562,0.189,1.163,2021,8,21,8,0
"2021-08-21 09:00:00",1072.0,"4720",10.87,34.68,6.08,2.321,36.71,297.21,288.75,55.41,25.41,22.8,16.27,14.71,61.57,55.4,0.0,487.2185,1.753986,591.6,93059.3,930.8314,930.3055,0.351,1.949,2021,8,21,9,0
"2021-08-21 10:00:00",1073.0,"4720",11.12,37.7,6.27,2.509,41.33,299.29999999999995,289.2,50.46,27.43,25.03,16.59,15.61,56.45,50.26,0.0,661.6324,2.381875,724.5,93074.19,930.9189,930.5486,0.497,2.59,2021,8,21,10,0
"2021-08-21 11:00:00",1074.0,"4720",11.61,39.0,6.56,2.301,44.97,300.88,289.25,47.72,28.65,26.87,16.66,15.57,51.55,47.07,0.0,701.3991,2.525037,886.0,93033.25,930.6688,929.9402,0.55,3.022,2021,8,21,11,0
"2021-08-21 12:00:00",1075.0,"4720",11.92,41.27,6.83,2.358,45.65,301.94,288.88,42.9,29.8,28.18,16.49,15.12,48.47,42.77,0.0,789.668,2.842802,806.0,92947.17000000001,929.958,928.9172,0.627,3.21,2021,8,21,12,0
"2021-08-21 13:00:00",1076.0,"4720",11.75,45.4,5.79,1.986,50.21,303.40999999999997,288.34,39.48,31.38,29.23,15.89,14.72,42.9,37.69,0.0,785.295,2.827051,835.0,92845.79,928.9562,928.0286,0.634,3.135,2021,8,21,13,0
"2021-08-21 14:00:00",1077.0,"4720",11.28,47.34,6.29,1.86,82.5,303.78,288.2,44.87,31.41,29.9,17.02,14.32,45.14,36.52,0.0,636.9157,2.292895,889.0,92775.01,928.1526,927.4132,0.532,2.795,2021,8,21,14,0
"2021-08-21 15:00:00",1078.0,"4720",11.04,47.3,5.72,2.393,183.2,301.13,289.46999999999997,49.03,30.28,27.2,17.0,15.95,52.04,44.47,0.0,230.741,0.8306672,624.0,92732.12,927.4912,927.1414,0.262,2.214,2021,8,21,15,0
"2021-08-21 16:00:00",1079.0,"4720",11.2,42.15,3.92,1.47,182.7,301.66999999999996,289.19,44.8,29.61,27.46,16.45,15.78,49.87,43.62,0.0,271.0531,0.9757906,471.2,92705.58,927.2206,926.8704,0.238,1.47,2021,8,21,16,0
"2021-08-21 17:00:00",1080.0,"4720",10.97,42.38,4.42,1.723,180.5,302.19,288.77,45.9,29.55,27.98,16.29,15.16,46.03,43.49,0.0,164.8064,0.5933036,273.3,92717.24,927.4832,926.9442,0.15,0.638,2021,8,21,17,0
"2021-08-21 18:00:00",1081.0,"4720",10.65,39.78,5.65,2.024,165.4,299.75,289.06,58.6,28.18,25.22,16.76,15.13,58.71,45.83,0.0,4.004914,0.01441769,23.52,92765.19,928.0135,927.4366,0.064,0.046,2021,8,21,18,0
"2021-08-21 19:00:00",1082.0,"4720",10.63,33.28,3.36,1.286,185.2,297.4,289.40999999999997,63.37,25.38,23.52,16.75,16.05,63.39,58.53,0.0,0.0,0.0,0.0,92814.45999999999,928.4269,927.9215,0.032,0.0,2021,8,21,19,0
"2021-08-21 20:00:00",1083.0,"4720",10.6,30.33,1.82,0.742,259.3,296.27,289.14,65.17,23.7,22.73,16.33,15.71,65.42,63.02,0.0,0.0,0.0,0.0,92870.55,929.0627,928.374,0.016,0.0,2021,8,21,20,0
"2021-08-21 21:00:00",1084.0,"4720",10.57,28.3,3.13,0.844,193.0,295.29999999999995,289.59,75.53,22.98,21.48,17.28,15.81,75.59,64.91,0.0,0.0,0.0,0.0,92915.44,929.5004,928.9818,0.015,0.0,2021,8,21,21,0
"2021-08-21 22:00:00",1085.0,"4720",10.55,26.74,4.49,1.334,206.0,294.02,290.89,87.7,21.7,20.43,18.49,17.08,87.8,75.6,0.0,0.0,0.0,0.0,92972.63,930.103,929.4739,0.012,0.0,2021,8,21,22,0
"2021-08-21 23:00:00",1086.0,"4720",10.51,25.31,4.32,1.205,209.2,293.41999999999996,291.62,90.6,20.61,20.04,18.73,18.32,90.7,87.6,0.0,0.0,0.0,0.0,93021.37,930.3355,930.0605,0.005,0.0,2021,8,21,23,0
"2021-08-22 00:00:00",1087.0,"4720",10.51,24.91,3.18,0.943,216.2,292.97999999999996,291.48999999999995,91.2,20.22,19.65,18.69,18.15,91.5,90.5,0.0,0.0,0.0,0.0,93016.64,930.2499,930.0543,0.002,0.0,2021,8,22,0,0
"2021-08-22 01:00:00",1088.0,"4720",10.49,24.23,3.06,0.851,235.4,292.75,291.33,92.0,19.96,19.38,18.5,18.02,92.3,90.8,0.0,0.0,0.0,0.0,92975.13,930.0859,929.5189,0.001,0.0,2021,8,22,1,0
"2021-08-22 02:00:00",1089.0,"4720",10.47,23.66,1.65,0.489,257.9,292.14,290.91999999999996,93.4,19.56,18.6,18.26,17.42,93.6,91.8,0.0,0.0,0.0,0.0,92931.95,929.5718,929.0874,-0.001,0.0,2021,8,22,2,0
"2021-08-22 03:00:00",1090.0,"4720",10.45,22.76,1.79,0.731,331.5,291.75,290.54999999999995,91.9,18.97,18.33,17.89,17.08,93.6,91.9,0.0,0.0,0.0,0.0,92902.08,929.1597,928.8892,0.0,0.0,2021,8,22,3,0
"2021-08-22 04:00:00",1091.0,"4720",10.42,22.46,2.42,0.613,336.4,291.7,290.37,92.3,18.85,18.27,17.66,16.93,92.9,91.3,0.0,0.0,0.0,0.0,92882.06,928.9946,928.7213,0.0,0.0,2021,8,22,4,0
"2021-08-22 05:00:00",1092.0,"4720",10.4,22.61,2.71,0.906,347.9,291.90999999999997,290.53,91.6,18.97,18.66,17.66,17.24,92.5,91.2,0.0,0.0,0.0,0.0,92876.87,928.8698,928.7203,0.001,0.0,2021,8,22,5,0
"2021-08-22 06:00:00",1093.0,"4720",10.36,22.49,3.34,1.099,15.99,291.83,290.46999999999997,92.0,18.9,18.59,17.56,17.23,92.2,91.4,0.0,0.7286372,0.002623096,8.24,92908.22,929.3928,928.8232,0.003,0.002,2021,8,22,6,0
"2021-08-22 07:00:00",1094.0,"4720",10.37,23.18,3.12,1.109,9.38,292.2,290.73999999999995,87.4,20.25,18.53,18.18,17.2,92.5,87.4,0.0,"NAN","NAN","NAN",92956.98,929.8035,929.3547,0.022,0.338,2021,8,22,7,0
"2021-08-22 08:00:00",1095.0,"4720",10.47,29.72,4.46,1.799,29.49,294.69,291.26,73.13,23.24,20.11,18.48,17.93,87.6,73.13,0.0,281.4152,1.013094,373.4,92998.68000000001,930.3,929.7173,0.17,1.154,2021,8,22,8,0
"2021-08-22 09:00:00",1096.0,"4720",10.91,34.71,6.28,2.202,51.68,297.79999999999995,290.72999999999996,58.53,25.93,23.13,18.43,16.97,73.32,58.53,0.0,482.3302,1.73639,594.4,93056.66,930.7964,930.259,0.344,1.947,2021,8,22,9,0
"2021-08-22 10:00:00",1097.0,"4720",11.1,37.7,6.68,2.5,49.76,299.78999999999996,290.22999999999996,53.72,27.41,25.61,17.48,16.79,58.8,53.39,0.0,638.8301,2.299785,767.0,93070.7,930.8489,930.4332,0.485,2.594,2021,8,22,10,0
"2021-08-22 11:00:00",1098.0,"4720",11.19,38.83,7.08,2.183,58.09,301.41999999999996,290.23999999999995,48.33,29.15,27.19,17.6,16.65,53.87,48.11,0.0,704.2779,2.5354,851.0,93018.76999999999,930.5181,929.7285,0.553,3.025,2021,8,22,11,0
"2021-08-22 12:00:00",1099.0,"4720",11.53,41.23,6.23,2.027,60.55,302.60999999999996,289.78999999999996,42.12,30.39,28.71,17.43,15.89,48.72,41.99,0.0,731.7818,2.634418,922.0,92939.36,929.8268,928.8745,0.59,3.213,2021,8,22,12,0
"2021-08-22 13:00:00",1100.0,"4720",11.44,44.96,6.59,1.999,56.85,303.89,288.62,39.39,31.53,29.96,16.32,14.62,42.18,36.85,0.0,793.0306,2.85491,882.0,92837.62000000001,929.0115,927.6624,0.645,3.143,2021,8,22,13,0
"2021-08-22 14:00:00",1101.0,"4720",10.78,46.85,5.45,1.649,86.2,303.85999999999996,288.95,49.03,32.22,28.58,17.03,15.29,49.1,36.85,0.0,396.1287,1.426065,880.0,92731.4,927.7679,926.9399,0.371,2.798,2021,8,22,14,0
"2021-08-22 15:00:00",1102.0,"4720",10.69,41.83,5.8,1.784,195.5,299.06,290.92999999999995,82.4,28.69,21.49,19.78,16.53,83.4,49.09,0.0,12.41503,0.04469414,27.6,92691.97,927.1848,926.752,0.073,2.209,2021,8,22,15,0
"2021-08-22 16:00:00",1103.0,"4720",10.67,31.4,6.05,1.431,213.7,293.84999999999997,291.5,86.4,22.14,19.98,18.9,17.61,91.5,77.03,0.0,42.57463,0.1532687,84.2,92734.7,927.8193,926.6599,0.045,1.462,2021,8,22,16,0
"2021-08-22 17:00:00",1104.0,"4720",10.73,30.32,3.9,1.454,191.2,295.03999999999996,291.65999999999997,79.58,22.85,20.63,19.37,17.54,86.7,78.73,0.0,117.1794,0.4218469,194.3,92762.48000000001,927.8879,927.3862,0.074,0.634,2021,8,22,17,0
"2021-08-22 18:00:00",1105.0,"4720",10.63,30.37,5.66,1.93,195.6,294.46,291.69,83.9,22.81,20.5,19.46,17.67,87.2,78.47,0.0,"NAN","NAN","NAN",92818.34999999999,928.4891,927.8152,0.022,0.046,2021,8,22,18,0
"2021-08-22 19:00:00",1106.0,"4720",10.57,26.86,4.21,1.65,195.3,293.62,290.66999999999996,81.1,20.81,20.24,17.88,17.27,84.7,81.0,0.0,0.0,0.0,0.0,92876.57,929.0132,928.3745,0.017,0.0,2021,8,22,19,0
"2021-08-22 20:00:00",1107.0,"4720",10.56,25.81,3.6,1.311,196.7,293.90999999999997,290.15,77.03,21.14,20.5,17.67,16.6,82.7,76.37,0.0,0.0,0.0,0.0,92900.72,929.3353,928.7269,0.018,0.0,2021,8,22,20,0
"2021-08-22 21:00:00",1108.0,"4720",10.54,25.83,2.27,0.885,293.4,294.45,289.46999999999997,66.86,22.05,20.89,16.96,15.46,77.51,66.86,0.0,0.0,0.0,0.0,92941.5,929.5501,929.2743,0.018,0.0,2021,8,22,21,0
"2021-08-22 22:00:00",1109.0,"4720",10.54,25.95,3.33,1.062,227.1,295.19,288.84999999999997,71.75,22.52,21.48,16.35,15.19,71.87,63.93,0.0,0.0,0.0,0.0,92967.74,929.8685,929.4816,0.025,0.0,2021,8,22,22,0
"2021-08-22 23:00:00",1110.0,"4720",10.51,25.89,3.58,1.243,217.0,294.15,289.84,77.55,21.63,20.76,17.14,16.15,78.9,71.55,0.0,0.0,0.0,0.0,92989.53,930.076,929.6777,0.02,0.0,2021,8,22,23,0
"2021-08-23 00:00:00",1111.0,"4720",10.5,25.44,3.6,1.32,241.6,293.75,290.17999999999995,83.0,21.07,20.17,17.37,16.83,83.2,77.48,0.0,0.0,0.0,0.0,92985.33,930.0482,929.6941,0.018,0.0,2021,8,23,0,0
"2021-08-23 01:00:00",1112.0,"4720",10.48,24.91,5.72,1.48,199.7,292.87,290.28,86.0,20.35,19.45,17.42,16.91,86.6,82.8,0.0,0.0,0.0,0.0,92955.94,929.7333,929.4286,0.014,0.0,2021,8,23,1,0
"2021-08-23 02:00:00",1113.0,"4720",10.47,24.16,3.71,1.346,202.8,292.32,290.03,86.9,19.63,18.99,17.24,16.71,87.2,85.5,0.0,0.0,0.0,0.0,92954.44,929.6816,929.3922,0.012,0.0,2021,8,23,2,0
"2021-08-23 03:00:00",1114.0,"4720",10.45,23.64,4.05,1.588,195.2,291.81,289.78,89.3,19.17,18.4,17.0,16.45,89.4,86.5,0.0,0.0,0.0,0.0,92944.84999999999,929.5659,929.3663,0.011,0.0,2021,8,23,3,0
"2021-08-23 04:00:00",1115.0,"4720",10.42,23.14,4.45,1.821,192.5,291.33,289.63,90.4,18.52,17.94,16.8,16.35,90.6,89.2,0.0,0.0,0.0,0.0,92964.62,929.7921,929.4819,0.01,0.0,2021,8,23,4,0
"2021-08-23 05:00:00",1116.0,"4720",10.39,22.62,3.61,1.088,217.6,291.06,289.65999999999997,92.1,18.18,17.75,16.78,16.37,92.3,90.4,0.0,0.0,0.0,0.0,92979.2,929.8931,929.707,0.006,0.0,2021,8,23,5,0
"2021-08-23 06:00:00",1117.0,"4720",10.36,22.64,3.76,1.351,197.8,290.9,289.54999999999995,91.5,17.99,17.68,16.7,16.25,92.3,91.2,0.0,0.07502671,0.0002700961,0.944,93004.43000000001,930.4166,929.7368,0.007,0.002,2021,8,23,6,0
"2021-08-23 07:00:00",1118.0,"4720",10.35,22.71,3.39,1.042,206.5,290.85999999999996,289.57,92.6,17.92,17.68,16.71,16.27,92.7,91.4,0.0,10.31106,0.03711985,19.41,93063.23999999999,930.9215,930.3796,0.014,0.349,2021,8,23,7,0
"2021-08-23 08:00:00",1119.0,"4720",10.37,23.26,3.7,1.436,198.6,290.92999999999995,289.63,91.8,18.0,17.68,16.73,16.36,92.7,91.4,0.0,"NAN","NAN","NAN",93127.62,931.7717,930.8889,0.031,1.175,2021,8,23,8,0
"2021-08-23 09:00:00",1120.0,"4720",10.38,23.61,3.96,1.777,193.2,290.98999999999995,289.72999999999996,91.1,18.17,17.74,16.9,16.41,92.8,91.0,0.0,64.11343,0.2308085,115.9,93192.76999999999,932.21,931.7028,0.05,1.969,2021,8,23,9,0
"2021-08-23 10:00:00",1121.0,"4720",10.56,25.23,3.74,1.416,200.2,291.60999999999996,289.81,86.5,19.11,17.94,17.03,16.44,91.6,86.4,0.0,134.662,0.4847828,249.9,93234.61,932.5356,932.1774,0.097,2.613,2021,8,23,10,0
"2021-08-23 11:00:00",1122.0,"4720",10.91,27.09,4.01,1.58,200.1,292.52,289.82,81.3,20.23,18.93,17.18,16.42,86.7,81.1,0.0,236.6995,0.8521183,427.4,93210.43,932.4512,931.7751,0.167,3.044,2021,8,23,11,0
"2021-08-23 12:00:00",1123.0,"4720",11.11,31.38,4.4,1.725,198.6,294.22999999999996,290.38,77.43,21.61,20.11,17.86,16.64,83.0,76.25,0.0,517.8472,1.86425,1097.0,93143.82,931.8207,930.9709,0.343,3.219,2021,8,23,12,0
"2021-08-23 13:00:00",1124.0,"4720",11.24,33.89,5.08,1.933,195.8,295.12,290.47999999999996,72.8,23.0,21.49,18.29,16.73,77.88,71.83,0.0,519.3606,1.869697,1271.0,93048.27,930.9827,930.1062,0.355,3.134,2021,8,23,13,0
"2021-08-23 14:00:00",1125.0,"4720",11.73,36.19,5.1,1.884,196.1,296.54999999999995,290.42999999999995,67.34,24.69,21.95,18.34,16.5,73.26,64.53,0.0,652.309,2.348313,1098.0,92984.2,930.178,929.4296,0.444,2.792,2021,8,23,14,0
"2021-08-23 15:00:00",1126.0,"4720",11.4,34.83,6.5,2.171,194.6,296.08,289.7,68.23,23.71,22.4,17.33,16.12,69.47,64.85,0.0,288.2412,1.037668,713.7,92916.53,929.4689,928.9231,0.231,2.228,2021,8,23,15,0
"2021-08-23 16:00:00",1127.0,"4720",11.22,31.59,5.22,1.984,197.4,295.82,289.54999999999995,67.32,22.91,22.53,16.85,16.09,69.27,66.34,0.0,115.7987,0.416875,140.6,92880.4,928.989,928.694,0.127,1.48,2021,8,23,16,0
"2021-08-23 17:00:00",1128.0,"4720",10.66,29.56,5.58,1.491,205.3,295.46,289.5,71.17,22.8,21.81,16.79,16.01,71.53,66.28,0.0,"NAN","NAN","NAN",92894.09000000001,929.1541,928.7518,0.071,0.644,2021,8,23,17,0
"2021-08-23 18:00:00",1129.0,"4720",10.64,27.76,3.59,1.075,212.7,294.65,288.98999999999995,70.39,21.99,21.11,16.6,15.49,72.27,68.42,0.0,5.638904,0.02030007,22.37,92895.98,929.1344,928.8187,0.017,0.047,2021,8,23,18,0
"2021-08-23 19:00:00",1130.0,"4720",10.63,26.14,3.27,1.075,201.7,294.13,288.48999999999995,71.16,21.29,20.56,15.72,15.13,71.33,69.33,0.0,0.0,0.0,0.0,92900.35,929.2035,928.8372,0.015,0.0,2021,8,23,19,0
"2021-08-23 20:00:00",1131.0,"4720",10.59,24.81,2.67,1.014,197.0,293.73999999999995,288.15999999999997,69.92,20.87,20.43,15.37,14.82,71.44,69.27,0.0,0.0,0.0,0.0,92934.25,929.6237,929.1273,0.013,0.0,2021,8,23,20,0
"2021-08-23 21:00:00",1132.0,"4720",10.58,24.62,3.46,1.371,194.1,293.4,287.96999999999997,72.59,20.73,19.71,15.11,14.65,73.05,69.46,0.0,0.0,0.0,0.0,92970.87,929.8506,929.5825,0.019,0.0,2021,8,23,21,0
"2021-08-23 22:00:00",1133.0,"4720",10.56,24.11,3.42,1.344,191.2,292.63,287.81,75.59,19.89,19.05,14.89,14.55,75.83,72.26,0.0,0.0,0.0,0.0,92994.09000000001,930.0379,929.7772,0.015,0.0,2021,8,23,22,0
"2021-08-23 23:00:00",1134.0,"4720",10.53,23.45,3.05,1.011,262.0,292.21999999999997,287.83,76.76,19.39,18.86,14.92,14.49,76.98,74.48,0.0,0.0,0.0,0.0,92997.47,930.0506,929.8636,0.009,0.0,2021,8,23,23,0
"2021-08-24 00:00:00",1135.0,"4720",10.53,22.8,2.5,1.118,269.6,291.56,287.87,81.5,19.03,17.81,15.03,14.48,81.7,76.76,0.0,0.0,0.0,0.0,92966.98,929.9614,929.5055,0.008,0.0,2021,8,24,0,0
"2021-08-24 01:00:00",1136.0,"4720",10.51,22.04,2.55,1.095,258.1,290.57,288.0,88.1,17.93,16.96,15.25,14.54,88.2,81.5,0.0,0.0,0.0,0.0,92928.92,929.5378,929.0712,0.004,0.0,2021,8,24,1,0
"2021-08-24 02:00:00",1137.0,"4720",10.49,20.92,2.97,1.357,274.8,289.71999999999997,288.04999999999995,91.9,17.13,16.23,15.24,14.69,92.1,88.1,0.0,0.0,0.0,0.0,92896.33,929.1595,928.7328,0.002,0.0,2021,8,24,2,0
"2021-08-24 03:00:00",1138.0,"4720",10.44,20.13,2.67,1.161,285.3,289.28999999999996,288.06,92.3,16.44,16.04,15.18,14.76,92.8,91.8,0.0,0.0,0.0,0.0,92857.1,928.7628,928.4103,-0.001,0.0,2021,8,24,3,0
"2021-08-24 04:00:00",1139.0,"4720",10.42,20.07,2.59,1.135,293.3,289.26,287.81,90.3,16.34,15.97,15.07,14.36,92.4,90.0,0.0,0.0,0.0,0.0,92843.04,928.5125,928.2903,0.0,0.0,2021,8,24,4,0
"2021-08-24 05:00:00",1140.0,"4720",10.38,19.73,2.29,0.532,295.3,288.95,287.21,90.6,16.27,15.38,14.68,13.7,90.8,88.4,0.0,0.0,0.0,0.0,92845.37,928.7408,928.3423,-0.003,0.0,2021,8,24,5,0
"2021-08-24 06:00:00",1141.0,"4720",10.35,18.99,1.69,0.37,50.24,288.12,286.65,92.1,15.62,14.27,14.06,13.0,92.3,89.7,0.0,0.8536272,0.003073058,9.22,92894.87000000001,929.2066,928.7086,-0.005,0.003,2021,8,24,6,0
"2021-08-24 07:00:00",1142.0,"4720",10.35,18.9,1.72,0.596,156.6,287.58,286.51,92.4,15.91,13.61,14.76,12.37,94.2,91.7,0.0,59.18275,0.2130579,167.0,92967.19,929.9541,929.1835,0.016,0.363,2021,8,24,7,0
"2021-08-24 08:00:00",1143.0,"4720",10.41,26.6,1.71,0.624,182.2,291.08,288.65,78.6,19.58,15.78,16.3,14.53,92.4,78.59,0.0,288.5845,1.038902,408.7,93024.15,930.4414,929.932,0.152,1.193,2021,8,24,8,0
"2021-08-24 09:00:00",1144.0,"4720",10.98,32.56,2.99,0.886,62.51,294.19,289.01,64.91,22.47,19.46,16.57,15.26,79.3,64.91,0.0,512.2755,1.844189,609.2,93079.04999999999,931.0052,930.4038,0.32,1.988,2021,8,24,9,0
"2021-08-24 10:00:00",1145.0,"4720",11.15,35.97,4.3,1.34,50.69,296.98999999999995,288.62,52.93,25.64,22.15,16.28,14.79,67.0,52.4,0.0,694.0576,2.498607,778.6,93089.53,930.9784,930.8253,0.474,2.639,2021,8,24,10,0
"2021-08-24 11:00:00",1146.0,"4720",11.76,37.48,4.6,1.612,66.16,299.57,288.23999999999995,44.13,27.79,25.36,16.25,14.1,54.53,43.81,0.0,818.4197,2.946309,864.0,93050.09,930.8763,930.058,0.596,3.076,2021,8,24,11,0
"2021-08-24 12:00:00",1147.0,"4720",11.46,39.01,5.82,1.78,102.4,300.81,286.45,36.77,28.45,27.2,15.4,11.32,47.16,35.46,0.0,766.0084,2.757628,949.0,92970.15,930.0917,929.2543,0.592,3.278,2021,8,24,12,0
"2021-08-24 13:00:00",1148.0,"4720",11.36,41.06,5.37,1.722,107.3,301.53999999999996,286.42999999999995,44.46,29.42,27.53,16.3,11.41,49.25,34.1,0.0,686.9183,2.472909,960.0,92871.42,929.2861,928.2276,0.55,3.191,2021,8,24,13,0
"2021-08-24 14:00:00",1149.0,"4720",11.24,42.38,4.81,1.644,176.2,300.95,288.37,48.11,28.87,27.13,16.04,14.52,48.36,43.49,0.0,394.1903,1.419088,946.0,92774.19,928.2527,927.3009,0.347,2.824,2021,8,24,14,0
"2021-08-24 15:00:00",1150.0,"4720",11.27,41.19,3.76,1.443,173.8,301.2,288.14,40.49,28.97,27.06,16.0,13.37,48.83,39.05,0.0,441.1002,1.587958,684.8,92704.83,927.332,926.7496,0.358,2.25,2021,8,24,15,0
"2021-08-24 16:00:00",1151.0,"4720",11.17,43.23,4.22,1.414,185.1,301.71999999999997,286.9,41.64,29.61,27.52,15.07,12.07,42.31,36.38,0.0,289.0457,1.040564,532.7,92674.31,926.8262,926.6595,0.252,1.502,2021,8,24,16,0
"2021-08-24 17:00:00",1152.0,"4720",11.26,39.32,4.08,1.521,180.8,300.77,284.95,31.61,28.24,26.74,14.07,8.38,43.28,30.96,0.0,143.9489,0.5182166,226.3,92686.37999999999,927.1163,926.7111,0.139,0.66,2021,8,24,17,0
"2021-08-24 18:00:00",1153.0,"4720",10.64,37.06,3.31,1.025,193.2,297.95,282.75,44.64,26.87,22.93,10.55,8.48,44.81,31.55,0.0,10.08479,0.03630523,50.89,92728.61,927.5679,927.0587,0.03,0.047,2021,8,24,18,0
"2021-08-24 19:00:00",1154.0,"4720",10.63,29.99,1.66,0.506,190.8,295.16999999999996,283.51,48.74,23.07,21.48,10.92,9.95,49.89,44.37,0.0,0.0,0.0,0.0,92783.42,928.1285,927.5349,-0.001,0.0,2021,8,24,19,0
"2021-08-24 20:00:00",1155.0,"4720",10.61,26.61,2.37,0.843,195.7,294.77,283.06,48.28,21.88,21.42,10.39,9.47,48.74,45.6,0.0,0.0,0.0,0.0,92846.25,928.7545,928.0742,0.012,0.0,2021,8,24,20,0
"2021-08-24 21:00:00",1156.0,"4720",10.57,25.39,2.51,0.672,209.4,294.22999999999996,283.73999999999995,54.27,21.73,20.37,11.43,10.06,55.43,47.95,0.0,0.0,0.0,0.0,92902.18,929.4127,928.7152,0.004,0.0,2021,8,24,21,0
"2021-08-24 22:00:00",1157.0,"4720",10.55,24.08,2.2,0.66,280.6,293.60999999999996,284.26,57.27,21.35,19.78,11.64,10.82,58.25,51.79,0.0,0.0,0.0,0.0,92949.15,929.6558,929.3823,0.002,0.0,2021,8,24,22,0
"2021-08-24 23:00:00",1158.0,"4720",10.52,23.48,3.05,1.467,301.6,292.96999999999997,283.83,55.57,20.15,19.64,11.37,10.42,57.86,54.33,0.0,0.0,0.0,0.0,92967.67,929.7175,929.6144,0.024,0.0,2021,8,24,23,0
"2021-08-25 00:00:00",1159.0,"4720",10.51,23.43,3.26,1.257,302.7,293.0,283.85999999999996,55.9,20.31,19.45,11.13,10.44,57.36,54.14,0.0,0.0,0.0,0.0,92955.40999999999,929.741,929.3055,0.019,0.0,2021,8,25,0,0
"2021-08-25 01:00:00",1160.0,"4720",10.5,22.85,3.13,0.59,287.9,290.95,283.94,69.25,19.73,16.37,11.32,10.51,69.98,55.83,0.0,0.0,0.0,0.0,92904.07,929.3359,928.6996,-0.003,0.0,2021,8,25,1,0
"2021-08-25 02:00:00",1161.0,"4720",10.48,20.19,1.64,0.431,330.0,289.90999999999997,283.76,60.32,18.04,15.97,11.4,9.89,73.26,59.6,0.0,0.0,0.0,0.0,92856.02,928.7323,928.4136,-0.008,0.0,2021,8,25,2,0
"2021-08-25 03:00:00",1162.0,"4720",10.45,20.08,2.06,0.559,337.5,290.97999999999996,283.09999999999997,62.67,18.31,17.28,10.37,9.72,62.82,58.95,0.0,0.0,0.0,0.0,92859.73,928.6967,928.4713,-0.003,0.0,2021,8,25,3,0
"2021-08-25 04:00:00",1163.0,"4720",10.42,19.77,1.44,0.607,346.3,290.45,283.12,61.56,17.85,16.89,10.34,9.76,63.75,60.39,0.0,0.0,0.0,0.0,92869.03,928.7495,928.5937,-0.003,0.0,2021,8,25,4,0
"2021-08-25 05:00:00",1164.0,"4720",10.41,19.84,2.82,0.723,352.8,290.51,283.39,65.09,17.86,17.08,10.8,9.93,65.52,60.58,0.0,0.0,0.0,0.0,92887.41,929.1056,928.6521,0.0,0.0,2021,8,25,5,0
"2021-08-25 06:00:00",1165.0,"4720",10.38,20.04,2.81,0.972,344.0,290.53,283.87,65.48,17.66,17.15,11.0,10.54,65.81,64.1,0.0,0.8888284,0.003199782,9.29,92937.85,929.7413,929.0676,0.005,0.004,2021,8,25,6,0
"2021-08-25 07:00:00",1166.0,"4720",10.39,21.6,2.73,0.953,18.08,291.2,284.38,60.98,19.76,17.28,12.16,10.71,65.96,60.79,0.0,"NAN","NAN","NAN",92996.20999999999,930.306,929.6942,0.04,0.376,2021,8,25,7,0
"2021-08-25 08:00:00",1167.0,"4720",10.46,29.19,4.18,1.41,27.46,294.71999999999997,285.26,50.25,22.94,19.58,12.66,11.75,61.43,50.24,0.0,320.5963,1.154146,450.9,93051.18,930.6826,930.2849,0.207,1.223,2021,8,25,8,0
"2021-08-25 09:00:00",1168.0,"4720",10.96,34.77,4.06,1.546,43.73,297.21999999999997,285.27,45.89,25.15,22.8,12.89,11.63,51.66,44.97,0.0,569.0215,2.048479,672.8,93082.06,930.9796,930.5602,0.396,2.032,2021,8,25,9,0
"2021-08-25 10:00:00",1169.0,"4720",11.17,36.36,7.04,2.426,45.23,298.75,286.12,45.63,26.46,24.96,14.09,12.16,47.61,42.95,0.0,744.6466,2.680727,819.0,93097.93,931.1393,930.8711,0.55,2.678,2021,8,25,10,0
"2021-08-25 11:00:00",1170.0,"4720",12.13,37.08,6.55,2.425,52.5,299.76,286.09,36.32,27.64,25.69,14.33,11.1,47.65,36.18,0.0,865.0021,3.114008,934.0,93085.96,931.1017,930.6135,0.648,3.114,2021,8,25,11,0
"2021-08-25 12:00:00",1171.0,"4720",11.89,39.98,6.52,2.365,67.21,301.47999999999996,283.34,30.51,29.21,27.26,12.57,6.819,39.05,26.08,0.0,920.5773,3.314083,948.0,93022.31,930.6915,929.7663,0.72,3.325,2021,8,25,12,0
"2021-08-25 13:00:00",1172.0,"4720",11.84,43.45,7.55,2.257,68.92,302.73999999999995,280.72299999999996,19.5,30.28,28.9,10.25,3.811,30.98,19.24,0.0,894.5349,3.220327,942.0,92941.95999999999,929.8578,928.8945,0.721,3.263,2021,8,25,13,0
"2021-08-25 14:00:00",1173.0,"4720",11.7,45.47,8.15,2.348,55.18,303.13,278.90099999999995,25.26,30.47,29.62,8.04,3.775,25.26,18.98,0.0,783.537,2.820732,873.0,92841.66,929.0521,927.765,0.654,2.925,2021,8,25,14,0
"2021-08-25 15:00:00",1174.0,"4720",11.57,46.38,6.15,1.745,50.86,303.39,281.0,25.11,30.92,29.82,8.68,7.263,25.78,23.54,0.0,571.9378,2.058979,675.4,92763.78,927.979,927.4375,0.478,2.316,2021,8,25,15,0
"2021-08-25 16:00:00",1175.0,"4720",11.21,46.57,6.34,1.641,69.18,303.38,280.486,23.41,31.03,29.89,9.01,6.407,25.69,22.37,0.0,326.1773,1.17424,503.3,92750.85,927.6792,927.4108,0.304,1.545,2021,8,25,16,0
"2021-08-25 17:00:00",1176.0,"4720",10.85,43.73,3.9,1.053,74.02,302.65,280.077,25.49,30.33,28.44,7.791,6.195,26.08,22.89,0.0,136.3382,0.4908169,241.7,92778.89,927.9387,927.6256,0.123,0.676,2021,8,25,17,0
"2021-08-25 18:00:00",1177.0,"4720",10.66,39.47,3.14,0.6,181.8,300.17999999999995,280.221,32.26,28.57,25.16,8.43,6.251,33.35,25.36,0.0,7.532852,0.02711823,31.38,92791.97,928.0267,927.8207,0.002,0.048,2021,8,25,18,0
"2021-08-25 19:00:00",1178.0,"4720",10.62,33.41,1.62,0.603,10.75,296.96,281.03999999999996,37.46,25.34,22.99,9.32,6.908,39.53,31.6,0.0,0.0,0.0,0.0,92827.18,928.6004,927.9733,-0.003,0.0,2021,8,25,19,0
"2021-08-25 20:00:00",1179.0,"4720",10.58,28.66,2.53,0.584,325.3,295.65999999999997,280.06899999999996,36.8,23.76,21.48,8.54,5.194,40.3,30.62,0.0,0.0,0.0,0.0,92884.06,929.0938,928.5416,-0.005,0.0,2021,8,25,20,0
"2021-08-25 21:00:00",1180.0,"4720",10.54,26.18,2.01,0.681,350.6,294.13,279.23999999999995,37.78,21.7,20.69,7.197,5.495,40.72,35.89,0.0,0.0,0.0,0.0,92920.45000000001,929.3857,929.0524,-0.001,0.0,2021,8,25,21,0
"2021-08-25 22:00:00",1181.0,"4720",10.53,24.34,1.79,0.779,351.1,293.98999999999995,278.91999999999996,39.08,21.29,20.43,6.749,5.319,39.69,35.69,0.0,0.0,0.0,0.0,92941.65000000001,929.5439,929.302,0.004,0.0,2021,8,25,22,0
"2021-08-25 23:00:00",1182.0,"4720",10.51,23.71,3.33,0.881,1.716,293.81,279.15599999999995,38.3,21.06,20.36,6.771,5.544,40.69,37.38,0.0,0.0,0.0,0.0,92968.88,929.7862,929.4991,0.008,0.0,2021,8,25,23,0
"2021-08-26 00:00:00",1183.0,"4720",10.48,23.58,4.18,0.9,14.9,293.23999999999995,279.284,41.3,21.2,19.51,6.673,5.874,42.39,37.45,0.0,0.0,0.0,0.0,92956.59000000001,929.7026,929.3086,0.008,0.0,2021,8,26,0,0
"2021-08-26 01:00:00",1184.0,"4720",10.47,22.71,2.34,0.839,343.2,292.62,279.943,45.73,19.76,19.25,7.681,6.035,46.36,41.16,0.0,0.0,0.0,0.0,92913.26000000001,929.3519,928.9153,0.004,0.0,2021,8,26,1,0
"2021-08-26 02:00:00",1185.0,"4720",10.46,21.91,2.01,0.87,349.5,292.21,280.854,50.85,19.58,18.59,8.64,7.275,50.95,45.34,0.0,0.0,0.0,0.0,92877.47,928.9471,928.6966,0.003,0.0,2021,8,26,2,0
"2021-08-26 03:00:00",1186.0,"4720",10.43,21.22,3.33,0.802,348.6,291.28,281.73999999999995,56.8,19.04,17.22,9.0,8.27,57.71,50.35,0.0,0.0,0.0,0.0,92887.77,929.0146,928.7104,-0.002,0.0,2021,8,26,3,0
"2021-08-26 04:00:00",1187.0,"4720",10.41,20.24,2.15,0.818,315.7,290.46,282.04999999999995,56.34,17.85,16.82,9.39,8.41,59.6,55.76,0.0,0.0,0.0,0.0,92859.89,928.7778,928.3602,-0.003,0.0,2021,8,26,4,0
"2021-08-26 05:00:00",1188.0,"4720",10.39,20.47,2.63,1.044,318.2,290.14,281.71,60.71,17.43,16.56,9.13,8.14,60.92,55.24,0.0,0.0,0.0,0.0,92852.23,928.8555,928.3879,0.003,0.0,2021,8,26,5,0
"2021-08-26 06:00:00",1189.0,"4720",10.36,20.02,2.85,0.726,313.8,289.65,282.64,66.71,16.79,16.23,10.2,8.88,66.84,60.45,0.0,1.037734,0.003735843,9.92,92911.42,929.4651,928.8301,-0.007,0.004,2021,8,26,6,0
"2021-08-26 07:00:00",1190.0,"4720",10.37,20.58,1.27,0.365,299.0,289.96999999999997,284.35999999999996,66.33,19.24,16.1,13.0,10.0,72.03,66.33,0.0,61.47894,0.2213244,200.4,92978.11,930.1483,929.4238,0.023,0.386,2021,8,26,7,0
"2021-08-26 08:00:00",1191.0,"4720",10.41,30.18,3.7,1.124,17.1,294.97999999999996,286.84,55.99,23.59,19.12,14.47,12.59,66.27,55.4,0.0,333.8669,1.201923,448.4,93037.94,930.6234,930.1274,0.205,1.228,2021,8,26,8,0
"2021-08-26 09:00:00",1192.0,"4720",10.99,35.22,5.2,1.659,79.64,297.72999999999996,287.10999999999996,46.93,25.94,23.26,14.52,13.28,56.44,46.01,0.0,551.6871,1.986076,650.4,93090.16,931.1475,930.5629,0.389,2.032,2021,8,26,9,0
"2021-08-26 10:00:00",1193.0,"4720",11.16,39.08,4.79,1.618,92.1,299.9,285.85999999999996,33.31,28.42,25.62,13.96,10.29,47.3,33.05,0.0,726.3433,2.614827,818.0,93104.59,931.1825,930.9039,0.538,2.695,2021,8,26,10,0
"2021-08-26 11:00:00",1194.0,"4720",11.35,40.19,5.68,1.625,86.4,301.88,283.48999999999995,24.65,29.77,27.98,11.95,6.984,35.06,24.45,0.0,822.3664,2.960527,928.0,93044.29000000001,930.9578,929.8975,0.636,3.156,2021,8,26,11,0
"2021-08-26 12:00:00",1195.0,"4720",11.61,41.73,9.3,2.441,84.9,303.09,279.589,24.42,30.66,29.23,7.841,4.127,25.43,19.24,0.0,916.6848,3.300065,937.0,92949.90000000001,929.9846,929.0939,0.751,3.378,2021,8,26,12,0
"2021-08-26 13:00:00",1196.0,"4720",11.8,44.5,7.89,2.269,73.09,303.75,281.16999999999996,24.59,31.39,30.15,9.28,6.961,26.13,23.15,0.0,883.5447,3.180756,913.0,92880.16,929.2407,928.3808,0.727,3.271,2021,8,26,13,0
"2021-08-26 14:00:00",1197.0,"4720",11.2,46.58,5.92,1.936,85.9,304.09999999999997,281.65,25.89,31.71,30.35,9.6,7.761,26.51,23.68,0.0,697.4658,2.510877,868.0,92800.84000000001,928.4369,927.4454,0.591,2.911,2021,8,26,14,0
"2021-08-26 15:00:00",1198.0,"4720",11.12,46.12,7.63,1.761,82.8,303.51,281.57,23.8,31.06,29.62,9.43,7.461,27.26,23.74,0.0,453.5452,1.632759,670.0,92720.01000000001,927.5638,926.8846,0.413,2.32,2021,8,26,15,0
"2021-08-26 16:00:00",1199.0,"4720",11.26,45.29,5.31,1.677,79.59,303.9,280.484,22.5,31.21,30.22,8.46,6.557,24.51,22.31,0.0,362.5243,1.305089,500.2,92689.92,927.0143,926.7706,0.326,1.551,2021,8,26,16,0
"2021-08-26 17:00:00",1200.0,"4720",11.16,43.77,4.94,1.366,84.6,303.15999999999997,279.44399999999996,22.84,30.79,29.03,7.015,5.667,23.58,21.59,0.0,151.6343,0.545883,260.7,92694.84999999999,927.0597,926.8608,0.149,0.681,2021,8,26,17,0
"2021-08-26 18:00:00",1201.0,"4720",10.65,40.33,3.37,0.707,127.3,300.27,279.515,31.73,29.21,24.96,7.263,5.709,31.88,22.82,0.0,10.35236,0.03726853,53.52,92703.16,927.1758,926.9727,0.021,0.048,2021,8,26,18,0
"2021-08-26 19:00:00",1202.0,"4720",10.61,32.95,2.43,0.782,202.0,296.88,281.59,42.08,25.14,22.6,9.27,7.023,42.08,31.73,0.0,0.0,0.0,0.0,92737.79,927.5462,927.1344,0.015,0.0,2021,8,26,19,0
"2021-08-26 20:00:00",1203.0,"4720",10.59,28.88,1.77,0.589,244.7,295.35999999999996,282.40999999999997,45.08,22.75,21.81,9.97,8.9,46.12,41.89,0.0,0.0,0.0,0.0,92770.32,927.9766,927.5024,0.004,0.0,2021,8,26,20,0
"2021-08-26 21:00:00",1204.0,"4720",10.55,26.45,3.1,1.382,300.9,294.66999999999996,282.32,45.28,22.03,21.22,9.71,8.85,45.99,44.56,0.0,0.0,0.0,0.0,92820.37,928.4404,927.946,0.031,0.0,2021,8,26,21,0
"2021-08-26 22:00:00",1205.0,"4720",10.52,25.56,3.68,1.329,296.8,294.56,282.46999999999997,47.3,21.86,21.09,9.74,9.06,47.58,44.63,0.0,0.0,0.0,0.0,92842.97,928.6184,928.3486,0.029,0.0,2021,8,26,22,0
"2021-08-26 23:00:00",1206.0,"4720",10.49,25.02,2.58,0.96,271.0,293.26,282.90999999999997,55.05,21.27,19.19,10.36,9.41,55.37,47.17,0.0,0.0,0.0,0.0,92885.85,929.0034,928.571,0.013,0.0,2021,8,26,23,0
"2021-08-27 00:00:00",1207.0,"4720",10.48,23.57,2.54,1.107,281.7,291.98999999999995,283.71999999999997,63.06,19.43,18.01,11.41,9.82,63.07,54.79,0.0,0.0,0.0,0.0,92885.87,928.9968,928.6835,0.012,0.0,2021,8,27,0,0
"2021-08-27 01:00:00",1208.0,"4720",10.47,22.17,2.34,1.13,268.3,290.96999999999997,285.07,73.49,18.24,17.35,12.77,10.79,73.52,63.06,0.0,0.0,0.0,0.0,92850.55,928.7275,928.2206,0.007,0.0,2021,8,27,1,0
"2021-08-27 02:00:00",1209.0,"4720",10.45,21.03,3.4,1.378,283.8,290.39,286.65999999999997,81.8,17.53,16.76,14.27,12.27,82.0,73.36,0.0,0.0,0.0,0.0,92823.8,928.3776,928.1544,0.003,0.0,2021,8,27,2,0
"2021-08-27 03:00:00",1210.0,"4720",10.43,20.57,2.37,1.137,285.1,290.14,287.31,82.7,17.33,16.56,14.53,13.65,85.4,81.8,0.0,0.0,0.0,0.0,92813.71,928.3703,927.9526,-0.003,0.0,2021,8,27,3,0
"2021-08-27 04:00:00",1211.0,"4720",10.41,20.26,2.99,1.367,299.5,290.19,287.03999999999996,80.2,17.33,16.83,14.35,13.46,82.9,80.1,0.0,0.0,0.0,0.0,92798.90000000001,928.1383,927.9249,0.001,0.0,2021,8,27,4,0
"2021-08-27 05:00:00",1212.0,"4720",10.38,20.16,2.21,0.712,323.9,289.98999999999995,286.13,78.25,17.39,16.23,13.65,12.5,80.3,75.71,0.0,0.0,0.0,0.0,92835.97,928.618,928.1097,-0.006,0.0,2021,8,27,5,0
"2021-08-27 06:00:00",1213.0,"4720",10.37,19.58,1.55,0.469,328.9,290.01,285.34,71.54,17.43,16.23,12.67,12.0,78.37,71.53,0.0,0.8763025,0.003154688,9.33,92880.24,928.9965,928.5881,-0.009,0.005,2021,8,27,6,0
"2021-08-27 07:00:00",1214.0,"4720",10.38,21.97,1.8,0.667,336.2,291.62,285.34,61.77,20.52,17.22,12.97,11.91,72.07,61.57,0.0,"NAN","NAN","NAN",92928.31,929.6405,928.9648,0.034,0.396,2021,8,27,7,0
"2021-08-27 08:00:00",1215.0,"4720",10.44,29.85,3.56,1.148,0.296,295.73999999999995,286.04999999999995,49.27,24.29,20.37,13.37,12.55,62.31,49.01,0.0,282.8717,1.018339,396.8,92979.21,929.9579,929.5974,0.191,1.246,2021,8,27,8,0
"2021-08-27 09:00:00",1216.0,"4720",10.96,35.01,4.99,1.555,48.11,298.39,286.0,43.22,26.39,24.05,13.56,12.06,50.8,42.17,0.0,499.7421,1.799071,598.9,93004.45999999999,930.1677,929.8915,0.368,2.055,2021,8,27,9,0
"2021-08-27 10:00:00",1217.0,"4720",11.14,38.02,4.93,1.803,53.58,300.04999999999995,285.71999999999997,38.72,27.84,25.95,13.35,12.14,44.05,38.46,0.0,678.0237,2.440885,751.1,92997.75,930.122,929.6935,0.518,2.712,2021,8,27,10,0
"2021-08-27 11:00:00",1218.0,"4720",12.2,39.51,4.78,1.748,53.99,301.79999999999995,285.53,33.42,29.61,27.65,13.13,11.55,39.29,33.12,0.0,798.8643,2.875911,850.0,92926.43000000001,929.7416,928.8873,0.623,3.149,2021,8,27,11,0
"2021-08-27 12:00:00",1219.0,"4720",11.88,42.27,5.48,1.606,68.09,303.29999999999995,283.96999999999997,29.15,31.11,29.16,12.58,8.6,35.11,25.5,0.0,842.1468,3.03173,877.0,92844.79,928.9291,928.0262,0.669,3.346,2021,8,27,12,0
"2021-08-27 13:00:00",1220.0,"4720",11.8,44.84,6.75,1.847,55.01,304.28999999999996,282.71999999999997,25.11,31.79,30.67,11.39,8.57,29.41,24.59,0.0,839.8858,3.023587,888.0,92773.61,928.0963,927.3108,0.687,3.267,2021,8,27,13,0
"2021-08-27 14:00:00",1221.0,"4720",11.67,46.42,6.66,2.139,51.84,304.56,281.44,22.83,31.97,31.07,9.67,6.926,26.08,21.59,0.0,743.3058,2.675902,809.0,92707.79,927.4365,926.6617,0.634,2.923,2021,8,27,14,0
"2021-08-27 15:00:00",1222.0,"4720",11.58,46.66,6.18,2.017,61.66,304.47999999999996,281.35999999999996,24.2,31.89,30.94,9.25,7.078,25.59,21.98,0.0,554.0309,1.994512,663.0,92658.33,926.7522,926.3518,0.491,2.329,2021,8,27,15,0
"2021-08-27 16:00:00",1223.0,"4720",11.46,46.09,6.3,1.994,48.47,304.02,282.57,28.82,31.32,30.34,10.48,8.17,28.96,24.13,0.0,345.7906,1.244845,461.2,92631.5,926.4628,926.171,0.335,1.545,2021,8,27,16,0
"2021-08-27 17:00:00",1224.0,"4720",11.0,44.08,5.23,1.48,59.07,302.98999999999995,283.09,29.99,30.7,28.9,10.54,9.6,30.57,27.52,0.0,128.2999,0.4618791,240.3,92639.54,926.4717,926.2456,0.149,0.675,2021,8,27,17,0
"2021-08-27 18:00:00",1225.0,"4720",10.64,39.59,2.79,0.454,121.4,300.15999999999997,282.76,39.1,29.04,24.96,10.54,9.09,39.16,29.99,0.0,"NAN","NAN","NAN",92650.77,926.717,926.3881,-0.006,0.049,2021,8,27,18,0
"2021-08-27 19:00:00",1226.0,"4720",10.63,32.9,3.23,1.25,177.5,297.7,287.7,55.92,25.4,23.98,15.47,10.05,57.86,39.1,0.0,0.0,0.0,0.0,92690.88,927.2252,926.6765,0.018,0.0,2021,8,27,19,0
"2021-08-27 20:00:00",1227.0,"4720",10.59,29.7,3.23,1.19,195.1,296.58,287.23999999999995,55.32,24.22,22.92,14.86,13.51,56.46,55.0,0.0,0.0,0.0,0.0,92740.79000000001,927.7041,927.198,0.014,0.0,2021,8,27,20,0
"2021-08-27 21:00:00",1228.0,"4720",10.57,27.83,2.04,0.721,252.4,295.78999999999996,286.31,54.6,23.16,22.33,13.75,12.85,55.92,54.28,0.0,0.0,0.0,0.0,92797.47,928.2264,927.6607,-0.001,0.0,2021,8,27,21,0
"2021-08-27 22:00:00",1229.0,"4720",10.53,26.4,2.56,1.062,309.4,295.09,286.12,56.49,22.77,21.55,13.35,12.83,57.91,54.6,0.0,0.0,0.0,0.0,92824.35,928.3077,928.112,0.009,0.0,2021,8,27,22,0
"2021-08-27 23:00:00",1230.0,"4720",10.52,25.81,1.81,0.528,329.6,294.32,285.83,58.9,22.12,20.56,13.22,12.25,59.47,56.49,0.0,0.0,0.0,0.0,92808.4,928.2158,927.9635,-0.009,0.0,2021,8,27,23,0
"2021-08-28 00:00:00",1231.0,"4720",10.5,23.98,2.35,0.803,346.4,293.66999999999996,285.38,58.64,20.93,20.3,12.57,12.05,60.41,57.85,0.0,0.0,0.0,0.0,92789.05,928.0056,927.7242,-0.001,0.0,2021,8,28,0,0
"2021-08-28 01:00:00",1232.0,"4720",10.47,23.63,3.67,1.086,351.1,293.90999999999997,285.34,58.25,21.13,20.5,12.43,12.08,58.77,57.07,0.0,0.0,0.0,0.0,92740.98,927.7639,927.0826,0.008,0.0,2021,8,28,1,0
"2021-08-28 02:00:00",1233.0,"4720",10.46,23.49,4.17,1.25,10.85,293.67999999999995,285.34,58.96,20.84,20.24,12.42,12.02,59.83,58.18,0.0,0.0,0.0,0.0,92696.72,927.1246,926.7544,0.011,0.0,2021,8,28,2,0
"2021-08-28 03:00:00",1234.0,"4720",10.45,23.5,3.78,1.244,3.601,293.22999999999996,285.16999999999996,61.57,20.87,19.52,12.32,11.87,61.63,57.4,0.0,0.0,0.0,0.0,92676.4,926.8942,926.7225,0.01,0.0,2021,8,28,3,0
"2021-08-28 04:00:00",1235.0,"4720",10.42,23.13,2.55,0.965,0.956,292.45,285.07,63.2,19.63,18.99,12.13,11.84,63.37,61.44,0.0,0.0,0.0,0.0,92698.55,927.1019,926.849,0.001,0.0,2021,8,28,4,0
"2021-08-28 05:00:00",1236.0,"4720",10.4,22.45,2.72,0.968,3.852,291.79999999999995,284.96,65.02,19.16,18.4,12.04,11.69,65.42,63.2,0.0,0.0,0.0,0.0,92715.88,927.3567,927.0383,0.0,0.0,2021,8,28,5,0
"2021-08-28 06:00:00",1237.0,"4720",10.37,21.81,2.8,1.24,348.0,291.78,284.96,63.9,19.03,18.27,12.04,11.66,65.74,63.58,0.0,1.019786,0.003671225,10.1,92764.3,927.9835,927.3091,0.006,0.006,2021,8,28,6,0
"2021-08-28 07:00:00",1238.0,"4720",10.39,23.29,2.88,1.186,357.7,292.66999999999996,285.31,59.17,20.93,18.79,12.79,11.82,64.09,59.16,0.0,"NAN","NAN","NAN",92818.48,928.5303,927.9124,0.052,0.406,2021,8,28,7,0
"2021-08-28 08:00:00",1239.0,"4720",10.47,30.24,4.55,1.604,29.87,295.78999999999996,285.78999999999996,50.42,23.96,20.76,13.14,12.29,59.31,49.66,0.0,297.8277,1.072179,406.2,92863.01,928.8484,928.4525,0.212,1.261,2021,8,28,8,0
"2021-08-28 09:00:00",1240.0,"4720",10.95,34.85,5.42,1.998,52.53,298.2,286.04999999999995,45.24,26.11,23.78,13.54,12.54,50.2,44.52,0.0,515.0126,1.854042,618.3,92876.19,928.9149,928.6825,0.387,2.07,2021,8,28,9,0
"2021-08-28 10:00:00",1241.0,"4720",11.14,37.81,6.4,2.276,61.47,300.06,286.78,42.96,28.16,25.88,14.39,13.15,45.83,41.85,0.0,695.1389,2.502498,776.6,92866.08,928.913,928.4315,0.536,2.716,2021,8,28,10,0
"2021-08-28 11:00:00",1242.0,"4720",11.92,38.75,9.45,2.295,56.8,301.66999999999996,287.02,38.73,29.76,27.52,14.39,13.38,43.24,38.08,0.0,815.583,2.936096,862.0,92812.90000000001,928.5359,927.6439,0.643,3.147,2021,8,28,11,0
"2021-08-28 12:00:00",1243.0,"4720",11.9,41.73,6.23,2.088,52.22,303.07,286.46,34.18,30.85,29.29,14.6,12.36,40.1,33.32,0.0,871.4373,3.137181,890.0,92713.35,927.704,926.6489,0.697,3.331,2021,8,28,12,0
"2021-08-28 13:00:00",1244.0,"4720",11.8,45.2,6.6,1.855,61.18,304.19,285.01,30.01,31.97,30.15,13.65,9.81,35.23,26.81,0.0,847.4485,3.050813,876.0,92619.26,926.7505,925.6715,0.688,3.255,2021,8,28,13,0
"2021-08-28 14:00:00",1245.0,"4720",11.63,47.79,6.56,1.717,70.03,305.14,283.15999999999997,23.95,32.76,31.46,12.32,7.599,30.23,21.47,0.0,738.4485,2.658412,802.0,92529.2,925.7784,924.7233,0.614,2.916,2021,8,28,14,0
"2021-08-28 15:00:00",1246.0,"4720",11.54,49.23,4.61,1.42,92.3,305.57,280.51399999999995,18.99,33.22,31.86,9.56,5.766,24.88,18.99,0.0,573.7828,2.065617,669.3,92468.23000000001,924.9293,924.3633,0.479,2.344,2021,8,28,15,0
"2021-08-28 16:00:00",1247.0,"4720",11.42,49.27,4.05,1.206,110.3,305.59,279.347,18.92,33.22,31.98,7.575,5.045,20.66,18.4,0.0,349.1699,1.257009,461.7,92441.52,924.5068,924.2837,0.299,1.569,2021,8,28,16,0
"2021-08-28 17:00:00",1248.0,"4720",11.02,46.93,3.97,0.919,85.3,304.45,278.87199999999996,21.72,32.31,30.21,6.624,5.089,22.29,18.46,0.0,128.4922,0.4625723,239.9,92446.96,924.5947,924.3807,0.119,0.69,2021,8,28,17,0
"2021-08-28 18:00:00",1249.0,"4720",10.65,41.41,2.22,0.602,32.13,300.97999999999996,279.219,29.45,30.37,25.48,7.273,5.336,29.87,21.32,0.0,8.145864,0.02932503,43.7,92469.75,924.9014,924.5461,0.003,0.049,2021,8,28,18,0
"2021-08-28 19:00:00",1250.0,"4720",10.63,33.6,1.06,0.696,344.7,297.90999999999997,279.10299999999995,30.88,25.64,24.37,6.742,5.429,31.33,28.67,0.0,0.0,0.0,0.0,92506.6,925.3517,924.8364,0.004,0.0,2021,8,28,19,0
"2021-08-28 20:00:00",1251.0,"4720",10.58,29.68,1.16,0.657,347.9,297.28999999999996,279.57099999999997,33.36,24.67,23.45,7.063,6.077,33.99,30.68,0.0,0.0,0.0,0.0,92542.8,925.6472,925.3077,0.001,0.0,2021,8,28,20,0
"2021-08-28 21:00:00",1252.0,"4720",10.56,27.84,1.94,0.735,331.3,296.03999999999996,280.049,35.44,23.61,22.33,7.978,6.043,38.74,32.9,0.0,0.0,0.0,0.0,92571.78,925.8998,925.5637,0.004,0.0,2021,8,28,21,0
"2021-08-28 22:00:00",1253.0,"4720",10.53,26.32,2.49,1.063,326.3,295.44,279.89099999999996,34.2,22.97,22.01,7.369,5.908,38.26,33.61,0.0,0.0,0.0,0.0,92589.23,925.9949,925.7807,0.018,0.0,2021,8,28,22,0
"2021-08-28 23:00:00",1254.0,"4720",10.52,25.65,2.53,0.909,334.2,295.28999999999996,279.323,36.87,22.84,21.02,6.836,5.451,37.7,33.48,0.0,0.0,0.0,0.0,92606.65000000001,926.1719,925.9232,0.012,0.0,2021,8,28,23,0
"2021-08-29 00:00:00",1255.0,"4720",10.49,24.97,4.48,1.069,303.4,293.28,280.298,41.1,21.17,19.26,8.06,5.743,47.84,36.87,0.0,0.0,0.0,0.0,92619.1,926.4818,926.0428,0.013,0.0,2021,8,29,0,0
"2021-08-29 01:00:00",1256.0,"4720",10.48,24.0,2.49,1.008,308.8,294.26,280.292,42.3,21.64,20.69,7.71,6.757,42.37,38.76,0.0,0.0,0.0,0.0,92582.70999999999,926.0792,925.6819,0.013,0.0,2021,8,29,1,0
"2021-08-29 02:00:00",1257.0,"4720",10.46,23.86,2.83,0.827,345.5,293.82,281.65999999999997,46.06,21.4,20.1,9.35,7.475,47.56,42.21,0.0,0.0,0.0,0.0,92536.40000000001,925.6924,924.9598,0.004,0.0,2021,8,29,2,0
"2021-08-29 03:00:00",1258.0,"4720",10.44,23.88,3.83,1.093,0.367,294.46999999999997,282.26,45.99,21.7,21.02,9.43,8.89,46.3,44.95,0.0,0.0,0.0,0.0,92482.86,924.9966,924.7157,0.014,0.0,2021,8,29,3,0
"2021-08-29 04:00:00",1259.0,"4720",10.42,23.9,2.47,0.6,337.0,293.66999999999996,282.42999999999995,49.44,21.46,20.04,9.57,9.12,49.9,45.86,0.0,0.0,0.0,0.0,92486.15,924.9662,924.7513,-0.006,0.0,2021,8,29,4,0
"2021-08-29 05:00:00",1260.0,"4720",10.4,22.73,2.48,0.834,353.7,292.85999999999996,282.59999999999997,52.92,20.41,19.32,9.79,9.29,53.21,49.38,0.0,0.0,0.0,0.0,92519.06,925.5459,924.8803,0.001,0.0,2021,8,29,5,0
"2021-08-29 06:00:00",1261.0,"4720",10.38,22.22,2.38,0.894,340.1,292.21,282.85999999999996,55.57,19.56,18.79,10.01,9.54,55.85,52.9,0.0,1.162773,0.004185982,11.15,92596.32,926.5551,925.5162,0.002,0.007,2021,8,29,6,0
"2021-08-29 07:00:00",1262.0,"4720",10.38,23.43,3.97,1.024,356.8,292.76,284.06,55.71,21.07,18.79,11.91,9.73,59.16,55.12,0.0,65.30634,0.235103,170.2,92688.72,927.2776,926.5133,0.053,0.419,2021,8,29,7,0
"2021-08-29 08:00:00",1263.0,"4720",10.48,29.54,3.78,1.3,27.85,295.44,285.14,48.94,23.68,20.96,12.4,11.63,55.99,47.83,0.0,277.4333,0.9987592,382.8,92774.04000000001,928.2794,927.2037,0.195,1.278,2021,8,29,8,0
"2021-08-29 09:00:00",1264.0,"4720",10.95,34.07,4.71,1.592,54.0,297.76,285.34,44.39,25.67,23.46,12.7,11.9,49.2,43.86,0.0,479.4052,1.725861,569.4,92849.27,928.77,928.1458,0.356,2.09,2021,8,29,9,0
"2021-08-29 10:00:00",1265.0,"4720",11.15,37.58,5.0,1.904,60.03,299.71999999999997,285.88,40.3,27.72,25.49,13.23,12.29,44.57,39.5,0.0,654.9714,2.357895,732.1,92869.34,928.7709,928.4866,0.503,2.74,2021,8,29,10,0
"2021-08-29 11:00:00",1266.0,"4720",12.23,40.41,4.49,1.341,90.3,301.89,286.04999999999995,34.56,29.91,27.52,13.58,12.22,40.77,34.17,0.0,774.3831,2.787783,818.0,92827.07,928.6567,927.8112,0.596,3.172,2021,8,29,11,0
"2021-08-29 12:00:00",1267.0,"4720",11.71,41.01,6.95,2.417,162.0,302.27,286.90999999999997,42.18,29.8,28.77,16.1,12.0,45.21,34.17,0.0,795.7313,2.864624,843.0,92759.32,927.8638,927.196,0.647,3.339,2021,8,29,12,0
"2021-08-29 13:00:00",1268.0,"4720",11.82,41.84,7.55,3.08,179.1,301.71,287.64,45.64,29.19,27.98,15.82,13.18,46.41,38.6,0.0,762.272,2.744183,798.7,92700.05,927.4015,926.5826,0.629,3.237,2021,8,29,13,0
"2021-08-29 14:00:00",1269.0,"4720",11.71,42.95,7.85,3.179,184.7,301.81,288.95,45.25,29.4,28.12,16.69,14.76,48.95,42.9,0.0,667.0574,2.401409,730.9,92641.62,926.6615,926.1455,0.561,2.868,2021,8,29,14,0
"2021-08-29 15:00:00",1270.0,"4720",11.61,42.59,9.03,4.06,190.0,301.27,288.85999999999996,47.72,29.07,27.65,16.49,14.92,49.41,43.29,0.0,525.0077,1.890029,631.2,92599.21,926.2737,925.5989,0.479,2.282,2021,8,29,15,0
"2021-08-29 16:00:00",1271.0,"4720",11.47,41.18,10.42,4.36,188.6,300.64,287.92999999999995,40.68,28.1,27.26,16.13,12.45,48.88,39.7,0.0,321.228,1.156422,417.6,92604.89,926.3424,925.7314,0.357,1.524,2021,8,29,16,0
"2021-08-29 17:00:00",1272.0,"4720",11.19,38.91,9.48,4.168,185.6,300.28,283.22999999999996,33.57,27.66,26.47,13.07,9.14,40.8,32.53,0.0,143.8429,0.5178347,230.0,92650.44,926.8142,926.1104,0.267,0.681,2021,8,29,17,0
"2021-08-29 18:00:00",1273.0,"4720",10.65,36.32,9.5,3.884,187.7,297.91999999999996,284.09999999999997,64.52,26.6,21.95,15.17,8.96,64.53,33.37,0.0,"NAN","NAN","NAN",92690.47,927.4286,926.5488,0.1,0.05,2021,8,29,18,0
"2021-08-29 19:00:00",1274.0,"4720",10.63,30.62,9.86,4.193,195.0,293.27,288.98999999999995,86.2,22.09,18.86,16.71,14.97,86.3,64.52,0.0,0.0,0.0,0.0,92779.98999999999,928.4655,927.1322,0.03,0.0,2021,8,29,19,0
"2021-08-29 20:00:00",1275.0,"4720",10.58,25.99,8.59,3.644,195.4,291.89,289.81,89.0,19.04,18.53,16.89,16.51,89.1,86.1,0.0,0.0,0.0,0.0,92883.58,929.3901,928.3063,0.009,0.0,2021,8,29,20,0
"2021-08-29 21:00:00",1276.0,"4720",10.56,25.13,8.24,3.384,194.9,291.53999999999996,289.83,90.0,18.71,18.27,16.9,16.58,90.3,88.8,0.0,0.0,0.0,0.0,92961.82,929.9423,928.9426,0.005,0.0,2021,8,29,21,0
"2021-08-29 22:00:00",1277.0,"4720",10.54,24.34,7.94,3.483,195.4,291.16999999999996,289.59999999999997,90.6,18.44,17.74,16.82,16.19,90.8,90.0,0.0,0.0,0.0,0.0,92994.82,930.2056,929.6156,0.004,0.0,2021,8,29,22,0
"2021-08-29 23:00:00",1278.0,"4720",10.52,23.55,10.03,3.644,192.6,290.59999999999997,289.06,90.6,17.92,17.09,16.37,15.56,90.9,90.2,0.0,0.0,0.0,0.0,93003.75,930.1912,929.514,0.004,0.0,2021,8,29,23,0
"2021-08-30 00:00:00",1279.0,"4720",10.49,22.73,7.99,3.293,194.0,290.25,288.67999999999995,90.6,17.34,16.96,15.76,15.4,90.9,89.9,0.0,0.0,0.0,0.0,93002.17,930.2139,929.5393,0.003,0.0,2021,8,30,0,0
"2021-08-30 01:00:00",1280.0,"4720",10.49,22.38,7.87,2.962,193.2,289.87,288.46999999999997,92.5,17.14,16.3,15.65,15.09,92.7,90.6,0.0,0.0003124849,1.124946e-06,0.092,92966.79000000001,929.9409,929.3043,0.0,0.0,2021,8,30,1,0
"2021-08-30 02:00:00",1281.0,"4720",10.47,21.89,6.25,2.943,189.4,289.22999999999996,288.2,94.0,16.5,15.84,15.33,14.88,94.2,92.4,0.0,0.001023625,3.685049e-06,0.109,92929.17,929.496,929.039,-0.002,0.0,2021,8,30,2,0
"2021-08-30 03:00:00",1282.0,"4720",10.45,21.33,7.34,2.984,190.4,288.81,287.96,95.0,16.08,15.51,15.13,14.7,95.2,93.9,0.0,4.166466e-05,1.499928e-07,0.068,92910.46,929.2179,928.8733,-0.004,0.0,2021,8,30,3,0
"2021-08-30 04:00:00",1283.0,"4720",10.43,20.68,6.08,2.442,191.6,288.65999999999997,287.89,95.1,15.75,15.38,14.98,14.61,95.4,94.8,0.0,0.0003323703,1.196533e-06,0.061,92886.0,929.002,928.7069,-0.006,0.0,2021,8,30,4,0
"2021-08-30 05:00:00",1284.0,"4720",10.4,20.73,5.86,2.147,194.3,288.37,287.69,95.4,15.65,14.99,15.1,14.26,96.5,95.1,0.0,0.04190801,0.0001508691,0.344,92898.58,929.3496,928.7476,-0.007,0.0,2021,8,30,5,0
"2021-08-30 06:00:00",1285.0,"4720",10.36,20.38,5.3,1.865,208.5,287.72999999999996,287.07,96.4,15.2,14.33,14.48,13.69,96.6,95.1,0.0,0.5252709,0.001890976,4.571,92958.15,929.9579,929.2529,-0.008,0.008,2021,8,30,6,0
"2021-08-30 07:00:00",1286.0,"4720",10.36,19.79,5.64,2.3,201.5,287.03999999999996,286.51,96.9,14.47,13.61,13.93,13.09,97.1,96.0,0.0,"NAN","NAN","NAN",93031.56,930.6002,929.8439,0.014,0.426,2021,8,30,7,0
"2021-08-30 08:00:00",1287.0,"4720",10.37,19.71,5.04,1.815,208.8,287.09,286.64,97.0,14.32,13.74,13.92,13.25,97.4,96.8,0.0,52.34756,0.188451,99.6,93090.99,931.2112,930.4347,0.033,1.284,2021,8,30,8,0
"2021-08-30 09:00:00",1288.0,"4720",10.5,21.92,4.98,1.833,209.7,287.64,287.2,97.0,15.12,13.94,14.72,13.46,97.5,96.8,0.0,162.2816,0.5842146,265.8,93142.94,931.8251,931.0631,0.092,2.09,2021,8,30,9,0
"2021-08-30 10:00:00",1289.0,"4720",10.93,23.93,5.44,1.81,207.6,288.42999999999995,287.78999999999996,93.7,16.29,14.86,15.31,14.32,97.2,93.6,0.0,243.0688,0.8750464,743.0,93196.51,932.0818,931.7559,0.139,2.736,2021,8,30,10,0
"2021-08-30 11:00:00",1290.0,"4720",10.97,25.75,5.64,1.854,210.9,289.38,287.51,84.7,17.46,15.78,15.29,13.85,93.8,84.7,0.0,290.1254,1.044451,724.2,93178.5,931.9752,931.3414,0.178,3.17,2021,8,30,11,0
"2021-08-30 12:00:00",1291.0,"4720",10.99,30.32,5.31,1.975,193.9,291.9,288.21,69.67,21.06,17.29,15.94,14.57,84.9,69.54,0.0,496.539,1.787542,1270.0,93089.42,931.4139,930.2009,0.314,3.338,2021,8,30,12,0
"2021-08-30 13:00:00",1292.0,"4720",11.49,34.58,7.73,2.774,188.6,295.4,288.4,63.02,23.14,20.9,16.04,14.79,71.42,60.94,0.0,842.4309,3.032749,1078.0,92980.35,930.2687,929.2161,0.552,3.24,2021,8,30,13,0
"2021-08-30 14:00:00",1293.0,"4720",11.63,36.57,8.15,3.085,192.1,295.63,288.56,65.44,23.22,22.02,15.98,15.01,66.05,62.24,0.0,732.6982,2.637712,1004.0,92889.28,929.3857,928.3568,0.489,2.881,2021,8,30,14,0
"2021-08-30 15:00:00",1294.0,"4720",11.55,37.39,7.21,3.276,188.0,295.29999999999995,288.62,66.09,22.85,21.69,15.91,15.12,67.62,63.94,0.0,610.8735,2.199145,821.0,92831.75,928.5793,928.0735,0.406,2.292,2021,8,30,15,0
"2021-08-30 16:00:00",1295.0,"4720",11.54,37.39,7.37,3.31,187.0,294.65999999999997,288.56,70.98,22.41,20.9,15.78,15.18,71.11,65.5,0.0,400.5368,1.441931,554.0,92829.88,928.4586,928.1355,0.27,1.525,2021,8,30,16,0
"2021-08-30 17:00:00",1296.0,"4720",10.98,35.34,6.74,2.677,190.5,293.2,288.59,78.87,21.15,19.06,15.81,15.24,79.0,70.58,0.0,151.363,0.5449051,302.0,92845.23000000001,928.5734,928.1301,0.103,0.669,2021,8,30,17,0
"2021-08-30 18:00:00",1297.0,"4720",10.63,29.93,5.59,2.202,190.8,291.34999999999997,288.46999999999997,86.7,19.3,17.55,15.56,15.21,86.8,78.66,0.0,11.4043,0.04105552,59.0,92856.75,928.6876,928.3761,0.004,0.05,2021,8,30,18,0
"2021-08-30 19:00:00",1298.0,"4720",10.62,25.14,6.13,1.903,194.1,290.69,288.58,87.4,17.76,17.48,15.69,15.31,87.9,86.7,0.0,0.0,0.0,0.0,92876.22,929.1543,928.5243,-0.005,0.0,2021,8,30,19,0
"2021-08-30 20:00:00",1299.0,"4720",10.57,24.3,4.67,1.677,198.7,290.53,288.47999999999996,87.8,17.72,17.28,15.62,15.23,88.3,87.1,0.0,0.0,0.0,0.0,92951.12000000001,929.8925,929.1216,-0.007,0.0,2021,8,30,20,0
"2021-08-30 21:00:00",1300.0,"4720",10.55,23.53,4.26,1.671,194.1,290.25,288.17999999999995,88.2,17.46,16.63,15.46,14.68,88.3,86.9,0.0,0.0,0.0,0.0,92995.94,930.0507,929.82,-0.008,0.0,2021,8,30,21,0
"2021-08-30 22:00:00",1301.0,"4720",10.53,22.45,4.93,1.643,200.0,289.51,287.88,91.2,16.8,16.1,15.01,14.52,91.4,88.2,0.0,0.0,0.0,0.0,93000.51999999999,930.1729,929.9254,-0.01,0.0,2021,8,30,22,0
"2021-08-30 23:00:00",1302.0,"4720",10.51,21.71,4.66,1.618,196.9,289.65999999999997,288.12,90.9,16.87,16.17,15.26,14.75,91.6,89.5,0.0,0.0,0.0,0.0,93008.96,930.2397,929.9275,-0.01,0.0,2021,8,30,23,0
"2021-08-31 00:00:00",1303.0,"4720",10.5,21.67,5.78,2.12,192.6,289.84,288.2,90.0,16.94,16.43,15.31,14.91,91.1,89.5,0.0,0.0,0.0,0.0,92976.06,930.0024,929.4105,-0.006,0.0,2021,8,31,0,0
"2021-08-31 01:00:00",1304.0,"4720",10.49,21.84,4.41,1.854,193.6,289.89,288.35999999999996,91.6,16.94,16.63,15.44,15.11,91.7,90.0,0.0,0.0,0.0,0.0,92900.51999999999,929.4822,928.6527,-0.009,0.0,2021,8,31,1,0
"2021-08-31 02:00:00",1305.0,"4720",10.47,21.66,4.42,1.343,199.5,289.59,288.15,91.0,16.8,16.1,15.44,14.62,91.7,90.7,0.0,0.0,0.0,0.0,92841.83,928.7391,928.1416,-0.013,0.0,2021,8,31,2,0
"2021-08-31 03:00:00",1306.0,"4720",10.44,20.95,2.22,0.449,218.2,288.75,287.48999999999995,93.1,16.23,14.92,14.82,13.79,93.1,90.9,0.0,0.0,0.0,0.0,92813.92,928.2758,928.0338,-0.022,0.0,2021,8,31,3,0
"2021-08-31 04:00:00",1307.0,"4720",10.42,19.07,1.75,0.663,263.1,288.09,287.10999999999996,94.3,15.16,14.85,14.26,13.77,94.4,92.8,0.0,0.0,0.0,0.0,92797.17000000001,928.1094,927.8433,-0.02,0.0,2021,8,31,4,0
"2021-08-31 05:00:00",1308.0,"4720",10.37,18.78,1.91,0.628,294.8,287.67999999999995,286.71,93.8,15.16,14.0,14.26,13.02,94.4,93.2,0.0,0.0,0.0,0.0,92796.88,928.1646,927.876,-0.02,0.0,2021,8,31,5,0
"2021-08-31 06:00:00",1309.0,"4720",10.33,17.83,2.2,0.666,43.13,286.35999999999996,285.46999999999997,95.5,14.24,12.3,13.28,11.43,95.6,93.6,0.0,2.255963,0.00812147,15.49,92857.84999999999,928.8981,928.1382,-0.019,0.009,2021,8,31,6,0
"2021-08-31 07:00:00",1310.0,"4720",10.35,18.47,2.42,0.786,275.9,286.46999999999997,285.83,94.9,15.18,12.43,14.43,11.72,96.8,94.9,0.0,94.90079,0.3416429,236.8,92899.73999999999,929.2495,928.8455,0.023,0.439,2021,8,31,7,0
"2021-08-31 08:00:00",1311.0,"4720",10.43,27.05,2.61,0.757,160.5,290.15999999999997,287.88,79.18,18.59,15.06,15.21,14.26,95.1,78.33,0.0,335.7859,1.208829,543.9,92960.5,929.946,929.2081,0.174,1.291,2021,8,31,8,0
"2021-08-31 09:00:00",1312.0,"4720",10.96,30.69,3.57,1.176,88.0,291.92999999999995,287.94,74.1,19.58,18.21,15.27,14.45,80.8,73.7,0.0,514.2825,1.851416,761.6,93016.69,930.2848,929.9125,0.305,2.099,2021,8,31,9,0
"2021-08-31 10:00:00",1313.0,"4720",11.21,35.07,3.32,1.178,63.88,294.09,287.78,60.35,22.62,19.2,15.13,14.12,74.86,60.34,0.0,765.2825,2.755018,836.0,93031.76999999999,930.4773,930.0853,0.485,2.751,2021,8,31,10,0
"2021-08-31 11:00:00",1314.0,"4720",12.0,36.85,3.83,1.279,115.7,297.03999999999996,287.32,45.95,25.42,22.01,14.9,12.67,62.38,45.95,0.0,874.9827,3.149945,914.0,92970.38,930.14,929.2329,0.599,3.187,2021,8,31,11,0
"2021-08-31 12:00:00",1315.0,"4720",11.92,40.53,3.98,1.462,183.3,299.52,285.92999999999995,38.2,27.72,25.03,13.97,11.77,48.94,38.14,0.0,920.855,3.315075,932.0,92869.66,929.2675,928.0651,0.67,3.377,2021,8,31,12,0
"2021-08-31 13:00:00",1316.0,"4720",11.81,44.3,4.86,1.784,185.7,301.39,284.91999999999996,33.0,29.47,27.14,12.95,10.61,39.67,32.8,0.0,888.8756,3.199956,928.0,92755.83,928.1273,927.0729,0.679,3.291,2021,8,31,13,0
"2021-08-31 14:00:00",1317.0,"4720",11.69,46.92,5.18,1.796,176.5,302.03999999999996,284.07,32.08,29.74,28.32,12.26,10.0,35.6,30.91,0.0,785.1233,2.826442,853.0,92677.43000000001,927.1395,926.4326,0.614,2.937,2021,8,31,14,0
"2021-08-31 15:00:00",1318.0,"4720",11.55,47.85,7.17,2.113,173.8,302.52,284.06,32.99,30.21,28.84,11.81,10.5,33.25,30.33,0.0,608.2792,2.189805,701.5,92629.53,926.4908,926.0587,0.504,2.338,2021,8,31,15,0
"2021-08-31 16:00:00",1319.0,"4720",11.45,46.5,5.56,2.381,180.5,301.85999999999996,284.69,36.38,29.48,28.18,12.49,10.57,37.3,31.62,0.0,395.749,1.424694,501.8,92621.39,926.3147,926.0605,0.357,1.554,2021,8,31,16,0
"2021-08-31 17:00:00",1320.0,"4720",11.22,44.0,5.79,2.76,178.2,300.54999999999995,285.37,40.35,28.57,26.41,13.15,11.74,41.33,35.99,0.0,167.3308,0.6023896,284.3,92633.11,926.5208,926.1731,0.202,0.682,2021,8,31,17,0
"2021-08-31 18:00:00",1321.0,"4720",10.65,38.7,5.62,2.006,178.8,298.28,285.04999999999995,47.44,26.56,23.98,12.3,11.7,47.56,40.35,0.0,12.05997,0.043416,60.66,92667.37000000001,927.0244,926.4249,0.052,0.051,2021,8,31,18,0
"2021-08-31 19:00:00",1322.0,"4720",10.62,31.97,3.28,1.217,196.0,296.03,285.25,52.32,24.13,22.2,12.45,11.89,52.51,47.38,0.0,0.0,0.0,0.0,92733.98999999999,927.6119,927.0024,0.015,0.0,2021,8,31,19,0
"2021-08-31 20:00:00",1323.0,"4720",10.55,28.4,3.83,1.591,191.9,294.82,285.66999999999996,59.62,22.38,21.09,13.19,12.0,59.85,52.32,0.0,0.0,0.0,0.0,92793.25,928.2665,927.5762,0.02,0.0,2021,8,31,20,0
"2021-08-31 21:00:00",1324.0,"4720",10.55,26.48,3.11,0.971,208.7,294.12,286.46999999999997,62.49,21.33,20.82,13.67,13.0,62.77,59.62,0.0,0.0,0.0,0.0,92847.84,928.6917,928.1998,0.0,0.0,2021,8,31,21,0
"2021-08-31 22:00:00",1325.0,"4720",10.52,25.27,2.91,0.65,240.8,293.75,286.69,65.75,21.07,20.17,13.78,13.42,65.86,62.49,0.0,0.0,0.0,0.0,92880.79000000001,928.9818,928.6188,-0.01,0.0,2021,8,31,22,0
"2021-08-31 23:00:00",1326.0,"4720",10.49,24.22,2.68,1.165,294.0,292.84,286.59999999999997,68.28,20.31,19.12,13.87,13.12,68.47,65.74,0.0,0.0,0.0,0.0,92895.11,928.9959,928.8612,0.001,0.0,2021,8,31,23,0
"2021-09-01 00:00:00",1327.0,"4720",10.47,23.51,2.55,1.093,285.2,292.02,286.46,71.73,19.3,18.59,13.63,13.14,71.95,68.22,0.0,0.0,0.0,0.0,92867.5,928.9003,928.384,-0.002,0.0,2021,9,1,0,0
"2021-09-01 01:00:00",1328.0,"4720",10.46,22.53,2.4,0.984,262.0,290.65,286.34,74.47,18.71,16.83,13.8,12.76,78.48,71.02,0.0,0.0,0.0,0.0,92815.95999999999,928.4579,927.783,-0.008,0.0,2021,9,1,1,0
"2021-09-01 02:00:00",1329.0,"4720",10.44,22.39,2.9,1.411,299.6,291.54999999999995,286.92999999999995,74.67,18.74,18.2,14.06,13.59,75.0,73.89,0.0,0.0,0.0,0.0,92760.25,927.8119,927.5591,0.001,0.0,2021,9,1,2,0
"2021-09-01 03:00:00",1330.0,"4720",10.42,22.3,2.46,1.028,301.7,291.23999999999995,286.78,75.13,18.51,17.87,13.95,13.45,75.93,74.54,0.0,0.0,0.0,0.0,92740.63,927.6105,927.225,-0.006,0.0,2021,9,1,3,0
"2021-09-01 04:00:00",1331.0,"4720",10.39,21.6,1.21,0.374,186.3,290.12,286.39,81.4,18.12,16.17,13.68,12.93,81.9,75.12,0.0,0.0,0.0,0.0,92748.32,927.6757,927.2644,-0.021,0.0,2021,9,1,4,0
"2021-09-01 05:00:00",1332.0,"4720",10.37,20.02,2.23,0.526,29.13,289.90999999999997,286.12,76.29,17.26,16.3,13.34,12.64,81.5,76.29,0.0,0.0,0.0,0.0,92779.75,928.0829,927.5905,-0.017,0.0,2021,9,1,5,0
"2021-09-01 06:00:00",1333.0,"4720",10.35,20.51,2.84,0.816,14.13,290.51,286.13,74.73,17.84,17.02,13.31,12.82,76.76,74.6,0.0,1.408552,0.00507079,11.54,92850.08,928.8258,928.0603,-0.01,0.01,2021,9,1,6,0
"2021-09-01 07:00:00",1334.0,"4720",10.39,23.29,3.71,1.313,14.86,291.71,286.79999999999995,70.14,20.22,17.61,14.61,13.08,75.34,69.98,0.0,79.10039,0.2847611,267.1,92905.25,929.3701,928.7964,0.049,0.449,2021,9,1,7,0
"2021-09-01 08:00:00",1335.0,"4720",10.44,29.01,6.9,2.078,25.01,294.21999999999997,287.87,61.26,22.91,20.1,15.22,14.37,70.29,61.19,0.0,290.5893,1.046122,481.3,92948.79,929.6942,929.2982,0.198,1.305,2021,9,1,8,0
"2021-09-01 09:00:00",1336.0,"4720",10.99,34.92,5.45,2.162,42.91,297.03999999999996,288.10999999999996,53.53,25.21,22.67,15.42,14.69,61.57,53.19,0.0,591.9252,2.130931,839.0,92998.56,930.2264,929.6368,0.411,2.113,2021,9,1,9,0
"2021-09-01 10:00:00",1337.0,"4720",11.1,37.63,5.21,2.08,57.4,298.97999999999996,287.84999999999997,44.98,27.55,24.57,15.24,14.08,54.63,44.59,0.0,674.1911,2.427083,914.0,93016.89,930.2494,929.9739,0.503,2.765,2021,9,1,10,0
"2021-09-01 11:00:00",1338.0,"4720",11.99,39.03,5.99,1.96,62.71,301.02,287.82,44.53,28.57,27.0,15.35,13.83,46.72,43.03,0.0,832.1558,2.995763,877.0,92969.01000000001,930.0294,929.4314,0.634,3.195,2021,9,1,11,0
"2021-09-01 12:00:00",1339.0,"4720",11.88,41.65,5.78,1.703,76.54,301.83,287.65999999999997,38.73,29.69,27.79,15.24,13.72,45.43,38.34,0.0,883.3804,3.18017,902.0,92905.90999999999,929.5242,928.5885,0.677,3.37,2021,9,1,12,0
"2021-09-01 13:00:00",1340.0,"4720",11.45,45.17,5.47,1.669,96.8,303.12,286.96999999999997,37.1,30.59,29.43,14.61,13.09,39.33,35.15,0.0,826.6781,2.976044,894.0,92818.7,928.6488,927.6771,0.654,3.28,2021,9,1,13,0
"2021-09-01 14:00:00",1341.0,"4720",11.33,46.81,5.65,1.722,105.0,303.5,286.51,36.14,31.38,29.69,14.16,12.66,37.37,33.65,0.0,657.2874,2.366234,931.0,92741.18,927.7715,927.1049,0.544,2.922,2021,9,1,14,0
"2021-09-01 15:00:00",1342.0,"4720",11.19,47.06,4.83,1.469,87.7,303.2,286.62,35.66,31.32,29.23,14.19,13.15,38.33,33.52,0.0,379.637,1.366693,904.0,92700.72,927.126,926.8988,0.344,2.324,2021,9,1,15,0
"2021-09-01 16:00:00",1343.0,"4720",11.19,44.52,3.55,1.13,122.1,303.53,286.63,36.78,31.19,29.82,14.08,13.14,37.27,34.24,0.0,282.5324,1.017118,600.6,92684.17,927.0107,926.7505,0.248,1.547,2021,9,1,16,0
"2021-09-01 17:00:00",1344.0,"4720",10.86,43.62,6.4,2.056,155.7,302.32,286.75,41.53,30.0,28.3,14.27,13.11,41.84,36.32,0.0,110.452,0.3976267,235.6,92707.09000000001,927.2312,926.8441,0.166,0.681,2021,9,1,17,0
"2021-09-01 18:00:00",1345.0,"4720",10.63,38.3,9.19,3.463,165.2,300.17999999999995,287.73999999999995,53.25,28.47,25.48,15.46,13.99,53.41,41.46,0.0,"NAN","NAN","NAN",92752.36,927.9232,927.1057,0.094,0.051,2021,9,1,18,0
"2021-09-01 19:00:00",1346.0,"4720",10.61,33.33,5.42,1.912,182.5,297.76,288.82,58.72,25.55,24.24,16.03,15.24,58.95,53.19,0.0,0.0,0.0,0.0,92799.95,928.3177,927.7482,0.04,0.0,2021,9,1,19,0
"2021-09-01 20:00:00",1347.0,"4720",10.58,30.12,5.33,2.018,176.1,297.4,289.09999999999997,60.87,24.68,23.91,16.16,15.83,61.23,58.65,0.0,0.0,0.0,0.0,92866.38,929.3926,928.1675,0.039,0.0,2021,9,1,20,0
"2021-09-01 21:00:00",1348.0,"4720",10.55,29.3,3.93,0.968,235.2,296.79999999999995,289.17999999999995,66.67,24.09,23.06,16.65,15.88,66.68,60.87,0.0,0.0,0.0,0.0,92958.84,929.8276,929.3301,0.012,0.0,2021,9,1,21,0
"2021-09-01 22:00:00",1349.0,"4720",10.53,28.55,5.36,1.931,196.3,295.17999999999995,290.5,78.27,23.23,21.22,17.67,16.56,78.45,66.74,0.0,0.0,0.0,0.0,93007.15,930.3553,929.6868,0.018,0.0,2021,9,1,22,0
"2021-09-01 23:00:00",1350.0,"4720",10.51,27.04,6.07,1.955,195.8,293.77,290.28,82.3,21.37,20.17,17.48,16.99,82.4,78.27,0.0,0.0,0.0,0.0,93011.8,930.3937,929.774,0.011,0.0,2021,9,1,23,0
"2021-09-02 00:00:00",1351.0,"4720",10.49,25.75,4.75,1.781,196.8,292.97999999999996,290.22999999999996,86.5,20.35,19.38,17.29,16.99,86.7,82.2,0.0,0.0,0.0,0.0,92966.68,929.9633,929.3075,0.005,0.0,2021,9,2,0,0
"2021-09-02 01:00:00",1352.0,"4720",10.49,24.64,4.7,1.477,200.2,292.31,290.29999999999995,89.1,19.56,19.05,17.42,17.03,89.3,86.3,0.0,0.0,0.0,0.0,92912.09999999999,929.3756,928.9733,-0.001,0.0,2021,9,2,1,0
"2021-09-02 02:00:00",1353.0,"4720",10.47,24.32,4.48,1.402,203.3,292.17999999999995,290.45,89.7,19.24,18.99,17.54,17.2,90.0,89.0,0.0,0.0,0.0,0.0,92884.39,929.1246,928.7437,-0.003,0.0,2021,9,2,2,0
"2021-09-02 03:00:00",1354.0,"4720",10.43,24.36,3.04,1.207,208.8,292.19,290.46,90.1,19.3,18.92,17.52,17.2,90.3,89.1,0.0,0.0,0.0,0.0,92885.63,928.9797,928.7492,-0.004,0.0,2021,9,2,3,0
"2021-09-02 04:00:00",1355.0,"4720",10.41,24.0,3.96,1.391,199.3,292.0,290.48999999999995,91.9,19.17,18.66,17.56,17.21,92.0,90.0,0.0,0.0,0.0,0.0,92895.1,929.15,928.8367,-0.004,0.0,2021,9,2,4,0
"2021-09-02 05:00:00",1356.0,"4720",10.39,23.69,3.88,1.501,194.1,291.84,290.54999999999995,92.4,18.91,18.6,17.61,17.31,92.5,91.8,0.0,0.0,0.0,0.0,92937.06,929.7351,929.0728,-0.004,0.0,2021,9,2,5,0
"2021-09-02 06:00:00",1357.0,"4720",10.38,23.77,3.49,1.285,203.2,292.0,290.71,91.4,19.43,18.66,18.06,17.38,92.7,91.2,0.0,0.9052594,0.003258934,4.772,93011.46,930.6354,929.684,-0.005,0.011,2021,9,2,6,0
"2021-09-02 07:00:00",1358.0,"4720",10.35,24.19,3.28,1.327,190.1,292.33,290.92999999999995,91.0,19.43,19.06,18.04,17.67,92.2,90.9,0.0,"NAN","NAN","NAN",93099.97,931.3752,930.5673,0.021,0.452,2021,9,2,7,0
"2021-09-02 08:00:00",1359.0,"4720",10.47,29.56,3.76,1.396,197.6,293.65999999999997,291.03,78.21,21.99,19.19,18.4,17.6,91.1,77.36,0.0,261.351,0.9408621,606.2,93149.95999999999,931.8228,931.2807,0.157,1.302,2021,9,2,8,0
"2021-09-02 09:00:00",1360.0,"4720",10.79,30.22,3.87,1.585,188.7,294.46,290.94,81.1,22.04,20.83,18.28,17.55,83.0,77.23,0.0,156.4055,0.5630604,282.0,93204.58,932.2008,931.7742,0.128,2.104,2021,9,2,9,0
"2021-09-02 10:00:00",1361.0,"4720",10.96,33.31,3.96,1.64,187.0,295.96999999999997,291.19,68.5,24.1,21.35,18.53,17.31,81.7,67.2,0.0,413.4805,1.488528,1033.0,93208.26,932.1796,931.9011,0.294,2.745,2021,9,2,10,0
"2021-09-02 11:00:00",1362.0,"4720",10.99,34.81,3.94,1.371,196.7,297.15,290.89,68.24,24.59,23.52,18.25,17.36,69.58,65.83,0.0,285.8119,1.028921,1151.0,93165.26,931.9353,931.3507,0.233,3.174,2021,9,2,11,0
"2021-09-02 12:00:00",1363.0,"4720",10.94,33.8,3.41,1.296,223.3,297.26,290.83,60.17,26.33,23.65,18.41,17.35,69.13,60.17,0.0,356.4161,1.283098,1181.0,93103.81999999999,931.4238,930.4863,0.278,3.345,2021,9,2,12,0
"2021-09-02 13:00:00",1364.0,"4720",11.27,37.65,6.78,1.91,199.3,299.17999999999995,290.96999999999997,59.58,27.42,25.09,18.62,17.32,64.13,55.93,0.0,456.3054,1.642698,1201.0,92993.01000000001,930.5063,929.3488,0.368,3.244,2021,9,2,13,0
"2021-09-02 14:00:00",1365.0,"4720",11.54,38.49,8.48,3.603,184.3,298.9,291.06,62.21,26.76,24.84,18.42,17.56,64.85,59.45,0.0,680.7773,2.450799,1077.0,92922.17000000001,929.4688,928.7733,0.506,2.882,2021,9,2,14,0
"2021-09-02 15:00:00",1366.0,"4720",11.62,40.6,7.51,3.346,183.8,299.27,290.5,55.81,27.02,25.3,18.0,16.86,63.23,55.02,0.0,614.9482,2.213812,718.0,92867.71,928.965,928.2681,0.464,2.296,2021,9,2,15,0
"2021-09-02 16:00:00",1367.0,"4720",11.37,40.85,6.65,3.24,180.7,299.52,289.90999999999997,53.78,26.87,26.08,17.45,16.25,57.23,53.58,0.0,398.6021,1.434968,530.8,92840.39,928.4949,928.2218,0.331,1.532,2021,9,2,16,0
"2021-09-02 17:00:00",1368.0,"4720",11.02,40.0,8.48,3.138,185.9,298.89,289.01,53.9,26.49,25.22,16.59,15.32,55.14,53.65,0.0,123.6964,0.4453076,298.1,92839.67,928.6041,928.1875,0.168,0.677,2021,9,2,17,0
"2021-09-02 18:00:00",1369.0,"4720",10.65,34.71,6.67,2.551,191.6,297.82,288.75,59.18,25.6,24.11,15.91,15.2,59.37,53.31,0.0,10.79125,0.03884851,58.73,92868.8,929.1051,928.3643,0.047,0.052,2021,9,2,18,0
"2021-09-02 19:00:00",1370.0,"4720",10.61,31.26,4.54,1.207,265.7,296.16999999999996,289.51,63.08,24.24,22.47,17.5,15.52,72.47,59.18,0.0,0.02679796,9.647273e-05,0.395,92939.78,929.6686,929.0806,0.005,0.0,2021,9,2,19,0
"2021-09-02 20:00:00",1371.0,"4720",10.57,28.4,3.91,1.35,208.5,295.79999999999995,288.52,65.1,23.17,22.14,15.83,15.18,65.25,61.71,0.0,0.0,0.0,0.0,92984.17,930.0952,929.5785,0.009,0.0,2021,9,2,20,0
"2021-09-02 21:00:00",1372.0,"4720",10.56,27.31,5.63,1.693,207.5,294.97999999999996,288.52,71.04,22.38,21.22,15.92,15.18,71.07,64.58,0.0,0.0,0.0,0.0,93015.06000000001,930.2817,929.9965,0.013,0.0,2021,9,2,21,0
"2021-09-02 22:00:00",1373.0,"4720",10.53,26.23,4.95,1.624,203.8,293.7,289.15,78.07,21.35,19.91,16.26,15.76,78.48,71.03,0.0,0.0,0.0,0.0,93034.22,930.4757,930.1904,0.004,0.0,2021,9,2,22,0
"2021-09-02 23:00:00",1374.0,"4720",10.53,24.72,5.98,2.023,197.5,292.71,289.39,84.6,20.09,19.06,16.71,15.94,84.7,77.94,0.0,0.0,0.0,0.0,93038.25,930.5034,930.2144,0.003,0.0,2021,9,2,23,0
"2021-09-03 00:00:00",1375.0,"4720",10.5,23.93,4.28,1.465,203.0,292.33,290.07,88.0,19.43,19.05,17.29,16.4,88.2,84.5,0.0,0.0,0.0,0.0,93032.48999999999,930.4962,930.113,-0.008,0.0,2021,9,3,0,0
"2021-09-03 01:00:00",1376.0,"4720",10.49,23.68,3.8,1.404,204.0,292.14,290.26,89.6,19.3,18.79,17.31,17.02,89.7,87.8,0.0,0.0,0.0,0.0,92977.81,930.1724,929.5254,-0.01,0.0,2021,9,3,1,0
"2021-09-03 02:00:00",1377.0,"4720",10.45,23.43,3.54,1.188,203.5,291.73999999999995,290.15,91.2,18.97,18.27,17.24,16.83,91.4,89.5,0.0,0.0,0.0,0.0,92918.38,929.5858,928.9095,-0.013,0.0,2021,9,3,2,0
"2021-09-03 03:00:00",1378.0,"4720",10.45,22.82,4.06,1.258,199.2,291.4,290.08,92.0,18.5,18.14,17.15,16.8,92.3,91.2,0.0,0.0,0.0,0.0,92890.49,928.9927,928.8255,-0.013,0.0,2021,9,3,3,0
"2021-09-03 04:00:00",1379.0,"4720",10.42,22.9,2.84,1.219,195.9,291.33,290.06,92.6,18.45,18.07,17.16,16.79,92.7,91.9,0.0,0.0,0.0,0.0,92879.57,928.9606,928.6898,-0.014,0.0,2021,9,3,4,0
"2021-09-03 05:00:00",1380.0,"4720",10.4,22.72,1.31,0.52,197.6,291.21999999999997,290.03,92.5,18.25,18.01,17.09,16.79,93.0,92.4,0.0,0.0,0.0,0.0,92886.17,929.1277,928.6801,-0.021,0.0,2021,9,3,5,0
"2021-09-03 06:00:00",1381.0,"4720",10.37,22.66,2.43,0.874,192.6,291.21999999999997,289.96,92.6,18.32,17.88,17.07,16.62,92.6,92.0,0.0,3.683536,0.01326072,22.24,92932.09000000001,929.6525,929.0551,-0.016,0.013,2021,9,3,6,0
"2021-09-03 07:00:00",1382.0,"4720",10.38,23.91,2.45,1.0,191.9,291.38,290.10999999999996,90.5,18.84,17.87,17.48,16.62,92.9,90.5,0.0,71.42699,0.2571371,166.2,93008.17,930.556,929.5894,0.032,0.465,2021,9,3,7,0
"2021-09-03 08:00:00",1383.0,"4720",10.65,29.27,2.2,0.938,182.9,293.09,290.46,76.26,21.8,18.73,17.8,16.98,91.1,76.25,0.0,277.5793,0.9992842,525.2,93068.15000000001,930.9888,930.4949,0.162,1.319,2021,9,3,8,0
"2021-09-03 09:00:00",1384.0,"4720",10.94,33.98,2.83,0.978,64.83,295.67999999999995,290.29999999999995,70.46,23.26,21.62,17.77,16.83,76.72,69.35,0.0,385.8501,1.389063,671.0,93124.26000000001,931.5466,930.9246,0.263,2.124,2021,9,3,9,0
"2021-09-03 10:00:00",1385.0,"4720",10.98,36.78,4.71,1.419,75.48,297.09,290.04999999999995,58.81,25.94,22.54,17.64,16.44,70.83,58.53,0.0,627.0992,2.257557,917.0,93145.76,931.6052,931.2483,0.437,2.772,2021,9,3,10,0
"2021-09-03 11:00:00",1386.0,"4720",11.38,39.2,5.22,1.536,72.02,299.39,290.25,54.82,26.99,25.56,17.93,16.38,60.82,54.5,0.0,693.7283,2.497423,1110.0,93077.13,931.2924,930.0699,0.513,3.196,2021,9,3,11,0
"2021-09-03 12:00:00",1387.0,"4720",11.4,38.96,5.41,1.673,108.8,300.51,288.57,41.4,28.6,26.34,16.83,14.04,55.11,41.27,0.0,608.2401,2.189666,1147.0,92949.95999999999,930.1266,928.9471,0.484,3.385,2021,9,3,12,0
"2021-09-03 13:00:00",1388.0,"4720",11.33,41.74,6.22,2.138,144.7,301.42999999999995,287.40999999999997,43.96,29.81,26.94,16.05,11.57,49.96,33.12,0.0,558.1589,2.009369,1121.0,92859.64,928.9743,928.1123,0.48,3.297,2021,9,3,13,0
"2021-09-03 14:00:00",1389.0,"4720",11.25,42.35,5.92,1.781,135.1,301.94,286.78999999999996,36.71,30.35,27.65,15.48,11.76,44.9,34.95,0.0,537.5677,1.93524,962.0,92775.91,928.2996,927.4066,0.456,2.937,2021,9,3,14,0
"2021-09-03 15:00:00",1390.0,"4720",11.08,44.78,5.91,1.855,151.4,302.59,285.85999999999996,36.78,30.4,28.38,13.86,10.18,38.63,28.95,0.0,493.8436,1.777839,813.0,92730.07,927.5416,927.1891,0.425,2.344,2021,9,3,15,0
"2021-09-03 16:00:00",1391.0,"4720",11.06,44.83,4.53,1.647,174.4,302.83,285.29999999999995,30.9,30.47,28.91,13.91,10.46,37.19,29.67,0.0,359.9058,1.29566,561.8,92725.7,927.3381,927.1565,0.312,1.565,2021,9,3,16,0
"2021-09-03 17:00:00",1392.0,"4720",10.65,44.29,5.64,1.998,168.7,300.85999999999996,284.51,41.61,29.72,26.4,12.55,8.08,41.77,27.51,0.0,55.34398,0.1992384,130.6,92739.37,927.5133,927.2109,0.153,0.693,2021,9,3,17,0
"2021-09-03 18:00:00",1393.0,"4720",10.64,35.31,3.71,1.081,178.1,298.65999999999997,285.26,44.97,26.54,24.5,12.57,11.71,45.05,41.58,0.0,7.142165,0.02571176,27.94,92769.84999999999,927.9536,927.453,0.023,0.052,2021,9,3,18,0
"2021-09-03 19:00:00",1394.0,"4720",10.59,31.16,1.79,0.529,259.9,296.77,284.59999999999997,46.46,24.62,22.99,12.0,10.85,47.45,44.96,0.0,0.0,0.0,0.0,92823.63,928.5958,927.919,-0.005,0.0,2021,9,3,19,0
"2021-09-03 20:00:00",1395.0,"4720",10.57,28.31,2.33,0.916,296.6,295.78,284.10999999999996,49.26,23.17,22.14,11.25,10.74,49.52,46.46,0.0,0.0,0.0,0.0,92884.24,929.1115,928.561,0.01,0.0,2021,9,3,20,0
"2021-09-03 21:00:00",1396.0,"4720",10.53,26.81,2.71,1.211,306.3,294.87,284.21999999999997,51.15,22.3,21.35,11.34,10.95,52.01,49.19,0.0,0.0,0.0,0.0,92924.73999999999,929.4044,929.0508,0.017,0.0,2021,9,3,21,0
"2021-09-03 22:00:00",1397.0,"4720",10.52,25.68,2.72,1.415,283.7,294.17999999999995,284.33,55.19,21.66,20.56,11.68,10.98,55.53,51.15,0.0,0.0,0.0,0.0,92954.66,929.6917,929.3707,0.021,0.0,2021,9,3,22,0
"2021-09-03 23:00:00",1398.0,"4720",10.5,24.6,3.4,1.407,295.2,293.54999999999995,284.69,57.92,20.95,20.1,11.83,11.35,57.93,55.12,0.0,0.0,0.0,0.0,92957.28,929.7034,929.4954,0.017,0.0,2021,9,3,23,0
"2021-09-04 00:00:00",1399.0,"4720",10.48,23.97,2.76,1.175,285.1,292.54999999999995,284.76,60.66,20.27,18.73,11.86,11.25,62.69,57.92,0.0,0.0,0.0,0.0,92945.02,929.7483,929.2466,0.009,0.0,2021,9,4,0,0
"2021-09-04 01:00:00",1400.0,"4720",10.46,22.85,3.07,1.24,261.6,291.78999999999996,285.21999999999997,70.42,19.6,17.75,12.62,11.51,70.42,60.65,0.0,0.0,0.0,0.0,92905.3,929.3575,928.7274,0.006,0.0,2021,9,4,1,0
"2021-09-04 02:00:00",1401.0,"4720",10.44,22.03,1.76,0.647,297.1,291.02,285.59999999999997,69.39,18.51,17.41,12.82,12.06,72.67,68.93,0.0,0.0,0.0,0.0,92855.61,928.7761,928.3182,-0.009,0.0,2021,9,4,2,0
"2021-09-04 03:00:00",1402.0,"4720",10.42,20.77,2.51,0.802,336.4,291.13,285.4,71.93,18.35,17.74,13.13,11.96,72.1,67.23,0.0,0.0,0.0,0.0,92813.57,928.3779,928.0547,-0.005,0.0,2021,9,4,3,0
"2021-09-04 04:00:00",1403.0,"4720",10.39,20.94,2.57,0.87,7.679,291.0,286.78999999999996,80.3,18.18,17.55,14.32,12.89,80.3,71.93,0.0,0.0,0.0,0.0,92813.84000000001,928.2589,928.0763,-0.007,0.0,2021,9,4,4,0
"2021-09-04 05:00:00",1404.0,"4720",10.36,20.99,3.78,1.283,5.451,290.81,287.78,84.4,17.92,17.48,15.22,14.1,84.7,80.1,0.0,0.0,0.0,0.0,92853.58,928.802,928.229,-0.004,0.0,2021,9,4,5,0
"2021-09-04 06:00:00",1405.0,"4720",10.35,21.14,5.11,1.523,4.057,290.7,288.4,87.8,17.84,17.42,15.75,14.91,87.9,84.2,0.0,2.548757,0.009175523,17.04,92914.92,929.4878,928.7749,-0.004,0.014,2021,9,4,6,0
"2021-09-04 07:00:00",1406.0,"4720",10.36,23.28,5.31,1.884,20.54,291.52,289.21,80.5,20.02,17.61,16.58,15.57,88.3,80.4,0.0,98.38763,0.3541952,242.5,92986.6,930.209,929.4636,0.047,0.479,2021,9,4,7,0
"2021-09-04 08:00:00",1407.0,"4720",10.4,30.49,5.7,2.075,30.19,294.67999999999995,289.63,64.39,23.59,19.85,16.96,16.19,80.6,64.33,0.0,369.0382,1.328537,490.3,93054.86,930.9425,930.1859,0.229,1.338,2021,9,4,8,0
"2021-09-04 09:00:00",1408.0,"4720",10.94,34.96,5.55,2.232,47.99,297.52,289.06,55.53,25.57,23.39,16.58,15.43,64.44,55.21,0.0,590.9166,2.127296,696.4,93115.94,931.3822,930.907,0.415,2.149,2021,9,4,9,0
"2021-09-04 10:00:00",1409.0,"4720",11.17,37.33,6.21,2.46,48.12,299.13,289.28,49.09,26.94,25.36,16.74,15.13,57.14,49.09,0.0,776.9818,2.797129,877.0,93124.58,931.4729,930.937,0.565,2.795,2021,9,4,10,0
"2021-09-04 11:00:00",1410.0,"4720",11.58,38.0,7.15,2.662,59.32,300.81,286.09,35.59,28.65,26.74,15.46,10.67,49.2,33.9,0.0,875.3486,3.151258,1007.0,93058.98,931.0129,930.1072,0.679,3.257,2021,9,4,11,0
"2021-09-04 12:00:00",1411.0,"4720",11.35,40.77,7.14,2.384,52.85,302.03,284.63,31.49,29.78,28.12,12.81,10.65,37.29,31.49,0.0,907.2571,3.266134,1038.0,92969.12,930.2157,929.2795,0.72,3.444,2021,9,4,12,0
"2021-09-04 13:00:00",1412.0,"4720",11.36,43.77,6.45,2.207,61.58,302.58,284.46,32.8,30.29,28.19,12.08,10.49,35.0,30.45,0.0,813.3553,2.928081,1122.0,92874.68000000001,929.3154,928.2478,0.664,3.341,2021,9,4,13,0
"2021-09-04 14:00:00",1413.0,"4720",11.27,44.03,5.87,1.617,94.8,302.01,284.9,34.29,30.15,28.18,12.57,11.1,36.49,32.6,0.0,370.8178,1.334943,1077.0,92796.01,928.3004,927.5477,0.354,2.966,2021,9,4,14,0
"2021-09-04 15:00:00",1414.0,"4720",11.16,41.42,4.3,1.263,97.6,301.27,284.91999999999996,34.75,29.24,27.78,12.34,11.22,37.48,34.1,0.0,233.5029,0.8406116,608.9,92739.86,927.6586,927.1964,0.24,2.36,2021,9,4,15,0
"2021-09-04 16:00:00",1415.0,"4720",10.91,41.47,3.91,1.194,115.4,302.12,284.27,34.23,30.09,28.18,12.54,10.25,34.94,30.06,0.0,216.218,0.7783836,580.3,92724.51,927.3096,927.1689,0.215,1.577,2021,9,4,16,0
"2021-09-04 17:00:00",1416.0,"4720",10.68,39.34,3.16,0.896,119.8,300.82,284.2,35.77,28.36,27.25,11.57,10.67,36.39,34.23,0.0,55.50499,0.1998176,68.77,92737.87,927.4919,927.2371,0.094,0.696,2021,9,4,17,0
"2021-09-04 18:00:00",1417.0,"4720",10.62,34.98,3.75,0.912,170.2,299.40999999999997,283.89,41.38,27.42,25.16,11.38,10.4,41.55,35.72,0.0,"NAN","NAN","NAN",92763.37999999999,927.9074,927.4485,0.038,0.052,2021,9,4,18,0
"2021-09-04 19:00:00",1418.0,"4720",10.59,31.44,2.33,0.959,190.2,297.7,284.53,45.62,25.34,23.71,11.66,11.14,46.13,41.38,0.0,0.0,0.0,0.0,92819.52,928.4828,927.8772,0.031,0.0,2021,9,4,19,0
"2021-09-04 20:00:00",1419.0,"4720",10.57,29.17,1.97,0.669,189.7,296.97999999999996,284.2,44.18,24.09,23.65,11.49,10.74,45.86,43.72,0.0,0.0,0.0,0.0,92868.9,929.0403,928.4447,0.018,0.0,2021,9,4,20,0
"2021-09-04 21:00:00",1420.0,"4720",10.53,28.46,2.08,0.619,308.0,296.21,283.9,46.23,23.83,22.73,11.13,10.55,47.11,44.24,0.0,0.0,0.0,0.0,92930.7,929.5444,929.0057,0.015,0.0,2021,9,4,21,0
"2021-09-04 22:00:00",1421.0,"4720",10.51,27.69,2.86,1.203,299.5,296.34999999999997,283.71,45.42,23.5,22.79,10.91,10.37,46.51,43.98,0.0,0.0,0.0,0.0,92964.99,929.7324,929.5159,0.037,0.0,2021,9,4,22,0
"2021-09-04 23:00:00",1422.0,"4720",10.5,27.71,2.8,0.925,344.9,296.48999999999995,282.19,36.1,23.96,23.06,10.89,7.65,45.49,35.83,0.0,0.0,0.0,0.0,92961.95999999999,929.6775,929.5652,0.03,0.0,2021,9,4,23,0
"2021-09-05 00:00:00",1423.0,"4720",10.45,27.75,3.87,1.131,23.17,296.67999999999995,281.16999999999996,37.49,23.96,23.38,8.41,7.814,37.85,36.09,0.0,0.0,0.0,0.0,92943.72,929.6388,929.3196,0.041,0.0,2021,9,5,0,0
"2021-09-05 01:00:00",1424.0,"4720",10.42,27.62,2.98,0.571,67.85,295.09,281.42999999999995,46.06,23.58,20.24,8.74,8.01,46.88,37.33,0.0,0.0,0.0,0.0,92928.08,929.4481,929.1483,0.014,0.0,2021,9,5,1,0
"2021-09-05 02:00:00",1425.0,"4720",10.33,24.32,1.43,0.624,340.0,292.97999999999996,281.4,50.88,20.63,18.8,8.6,8.09,50.88,45.21,0.0,0.0,0.0,0.0,92887.75,929.1809,928.7445,0.013,0.0,2021,9,5,2,0
"2021-09-05 03:00:00",1426.0,"4720",10.39,22.52,1.66,0.716,350.1,291.77,281.48999999999995,52.44,19.03,18.33,8.67,8.18,52.58,50.29,0.0,0.0,0.0,0.0,92877.35,928.8978,928.7292,0.014,0.0,2021,9,5,3,0
"2021-09-05 04:00:00",1427.0,"4720",10.37,21.46,1.96,0.782,359.2,291.32,281.85999999999996,54.78,18.5,17.94,9.13,8.38,54.89,52.37,0.0,0.0,0.0,0.0,92892.71,929.0116,928.7729,0.015,0.0,2021,9,5,4,0
"2021-09-05 05:00:00",1428.0,"4720",10.29,21.41,3.22,1.114,2.566,291.22999999999996,282.5,59.35,18.45,17.61,9.84,8.92,59.43,54.59,0.0,0.0,0.0,0.0,92917.75,929.3345,928.9702,0.021,0.0,2021,9,5,5,0
"2021-09-05 06:00:00",1429.0,"4720",10.22,21.11,3.52,1.344,11.31,290.77,283.44,64.25,17.85,17.48,11.02,9.6,64.3,59.34,0.0,2.311638,0.008321896,16.23,92958.67,929.9758,929.303,0.022,0.015,2021,9,5,6,0
"2021-09-05 07:00:00",1430.0,"4720",10.33,23.11,3.97,1.511,10.0,291.57,284.95,62.68,20.02,17.68,12.74,10.83,66.9,62.68,0.0,86.98322,0.3131395,212.6,93031.84999999999,930.6117,929.9417,0.065,0.499,2021,9,5,7,0
"2021-09-05 08:00:00",1431.0,"4720",10.41,29.28,5.98,2.084,30.71,294.53999999999996,285.64,52.92,22.82,19.85,12.91,12.19,62.86,52.07,0.0,320.5251,1.153889,428.8,93096.77,931.4521,930.5704,0.228,1.375,2021,9,5,8,0
"2021-09-05 09:00:00",1432.0,"4720",10.9,33.35,6.34,2.241,37.52,296.72999999999996,286.07,49.21,24.69,22.67,13.73,12.48,53.73,49.21,0.0,527.6129,1.899404,628.6,93166.76999999999,931.8329,931.4105,0.387,2.189,2021,9,5,9,0
"2021-09-05 10:00:00",1433.0,"4720",11.12,36.14,7.52,2.546,45.36,298.45,286.81,46.22,26.42,24.37,14.41,13.01,50.46,46.21,0.0,722.8756,2.60235,802.0,93166.22,931.7922,931.4327,0.538,2.835,2021,9,5,10,0
"2021-09-05 11:00:00",1434.0,"4720",12.05,37.12,7.28,2.577,50.86,299.92999999999995,286.97999999999996,43.48,27.76,25.95,14.48,13.35,46.98,42.96,0.0,846.9634,3.049069,897.0,93098.20999999999,931.5376,930.5354,0.643,3.262,2021,9,5,11,0
"2021-09-05 12:00:00",1435.0,"4720",11.6,39.37,6.82,2.554,50.01,301.09,286.63,39.57,28.7,27.46,14.35,12.47,43.96,37.49,0.0,895.8246,3.224971,946.0,93015.56,930.5875,929.7085,0.696,3.434,2021,9,5,12,0
"2021-09-05 13:00:00",1436.0,"4720",11.34,41.5,5.48,1.953,67.52,301.66999999999996,284.69,35.21,29.61,27.72,13.84,10.24,40.42,32.34,0.0,605.6083,2.18019,1005.0,92939.84,929.7726,929.0557,0.517,3.35,2021,9,5,13,0
"2021-09-05 14:00:00",1437.0,"4720",11.33,41.87,6.26,1.646,92.1,301.7,284.12,29.67,30.33,27.46,12.17,10.35,35.55,29.67,0.0,508.3134,1.829929,966.0,92873.48,929.1314,928.3612,0.439,2.983,2021,9,5,14,0
"2021-09-05 15:00:00",1438.0,"4720",11.67,45.81,5.35,1.61,70.14,303.22999999999996,283.59999999999997,29.74,30.79,29.63,11.11,9.84,30.81,28.57,0.0,609.6458,2.194722,744.0,92815.37,928.4355,927.8911,0.492,2.378,2021,9,5,15,0
"2021-09-05 16:00:00",1439.0,"4720",11.27,46.03,4.68,1.223,80.1,303.28,283.42999999999995,29.02,30.65,29.56,10.75,9.92,30.56,28.43,0.0,379.6867,1.366873,499.7,92794.54,928.0283,927.8634,0.305,1.586,2021,9,5,16,0
"2021-09-05 17:00:00",1440.0,"4720",10.91,44.93,4.9,1.27,76.47,301.92999999999995,283.22999999999996,32.27,30.35,27.85,10.61,9.71,33.18,28.63,0.0,116.3944,0.419019,292.9,92811.31,928.2698,927.947,0.133,0.702,2021,9,5,17,0
"2021-09-05 18:00:00",1441.0,"4720",10.66,38.56,3.65,1.074,62.12,300.16999999999996,282.91999999999996,34.8,28.03,26.47,10.32,9.56,34.92,32.27,0.0,10.25855,0.03693083,46.84,92849.90000000001,928.7587,928.2322,0.029,0.053,2021,9,5,18,0
"2021-09-05 19:00:00",1442.0,"4720",10.63,33.96,3.21,0.741,49.97,299.26,283.19,38.52,26.65,25.62,10.63,9.65,38.59,34.67,0.0,0.0,0.0,0.0,92897.16,929.3423,928.7031,0.007,0.0,2021,9,5,19,0
"2021-09-05 20:00:00",1443.0,"4720",10.59,32.15,2.1,0.748,15.7,298.27,283.72999999999996,40.53,25.8,24.7,10.9,10.29,41.03,38.32,0.0,0.0,0.0,0.0,92955.06,929.8217,929.2982,0.006,0.0,2021,9,5,20,0
"2021-09-05 21:00:00",1444.0,"4720",10.56,30.47,1.19,0.382,336.7,297.22999999999996,283.53,44.12,24.88,23.32,10.69,10.21,44.12,40.27,0.0,0.0,0.0,0.0,92986.72,929.9347,929.7509,-0.014,0.0,2021,9,5,21,0
"2021-09-05 22:00:00",1445.0,"4720",10.52,28.4,1.52,0.349,316.6,296.0,283.71,46.72,23.47,22.47,11.13,10.27,47.62,43.79,0.0,0.0,0.0,0.0,92991.67,929.9594,929.8269,-0.016,0.0,2021,9,5,22,0
"2021-09-05 23:00:00",1446.0,"4720",10.52,26.78,2.61,0.739,197.5,294.19,284.41999999999996,64.04,22.58,19.91,13.08,10.4,64.05,46.59,0.0,0.0,0.0,0.0,92986.78,930.0024,929.7988,-0.001,0.0,2021,9,5,23,0
"2021-09-06 00:00:00",1447.0,"4720",10.5,24.27,2.96,0.939,210.4,292.58,286.72999999999996,72.26,20.09,18.99,14.13,12.88,72.47,63.85,0.0,0.0,0.0,0.0,92951.53,929.8708,929.2318,-0.002,0.0,2021,9,6,0,0
"2021-09-06 01:00:00",1448.0,"4720",10.48,22.93,3.82,1.515,260.4,292.06,287.15,73.37,19.23,18.53,14.31,13.7,74.74,72.13,0.0,0.0,0.0,0.0,92893.48999999999,929.258,928.6327,0.005,0.0,2021,9,6,1,0
"2021-09-06 02:00:00",1449.0,"4720",10.45,22.51,3.12,1.437,277.4,291.08,286.85999999999996,77.67,18.67,17.61,14.03,13.54,78.0,73.17,0.0,0.0,0.0,0.0,92845.61,928.6683,928.3408,0.001,0.0,2021,9,6,2,0
"2021-09-06 03:00:00",1450.0,"4720",10.43,21.59,3.17,1.502,278.9,290.77,286.71999999999997,76.64,17.92,17.48,13.96,13.4,78.36,76.49,0.0,0.0,0.0,0.0,92828.89,928.3883,928.2568,0.001,0.0,2021,9,6,3,0
"2021-09-06 04:00:00",1451.0,"4720",10.41,21.26,3.54,0.772,3.179,290.27,286.29999999999995,78.97,17.92,16.37,13.62,12.69,79.24,75.51,0.0,0.0,0.0,0.0,92857.66,928.939,928.3162,-0.01,0.0,2021,9,6,4,0
"2021-09-06 05:00:00",1452.0,"4720",10.39,21.06,3.33,0.961,19.19,290.29999999999995,285.12,69.0,17.86,16.24,12.87,11.73,79.1,68.47,0.0,0.0,0.0,0.0,92926.31,929.5194,928.9291,-0.004,0.0,2021,9,6,5,0
"2021-09-06 06:00:00",1453.0,"4720",10.37,21.25,3.6,1.186,19.73,290.71,285.35999999999996,72.41,17.99,17.35,12.79,11.92,72.94,68.54,0.0,2.46243,0.008864749,16.89,92974.43,930.0739,929.4574,0.001,0.017,2021,9,6,6,0
"2021-09-06 07:00:00",1454.0,"4720",10.4,23.31,5.03,1.472,23.97,291.84999999999997,286.01,64.31,20.1,17.61,13.32,12.56,72.42,64.31,0.0,"NAN","NAN","NAN",93033.96,930.5494,930.024,0.063,0.509,2021,9,6,7,0
"2021-09-06 08:00:00",1455.0,"4720",10.48,28.93,5.62,1.975,36.13,294.15,286.69,60.35,22.15,19.91,14.26,12.98,65.14,60.02,0.0,324.4877,1.168155,443.4,93073.34,930.9964,930.4993,0.22,1.383,2021,9,6,8,0
"2021-09-06 09:00:00",1456.0,"4720",10.97,32.79,7.6,2.48,47.49,296.13,287.07,52.4,24.4,21.95,14.46,13.57,60.73,52.07,0.0,529.042,1.904549,742.7,93126.41,931.5892,930.9371,0.378,2.196,2021,9,6,9,0
"2021-09-06 10:00:00",1457.0,"4720",11.09,34.72,8.22,2.726,49.15,297.95,286.41999999999996,44.97,25.91,24.05,14.06,12.71,52.83,44.97,0.0,667.1442,2.401716,909.0,93148.91,931.6606,931.2422,0.505,2.854,2021,9,6,10,0
"2021-09-06 11:00:00",1458.0,"4720",11.99,36.94,6.99,2.61,57.77,299.77,286.10999999999996,40.48,27.58,25.75,13.7,12.35,45.84,40.48,0.0,870.7224,3.134604,901.0,93091.85,931.3342,930.4041,0.659,3.285,2021,9,6,11,0
"2021-09-06 12:00:00",1459.0,"4720",11.86,39.44,7.29,2.718,54.43,300.89,285.77,37.36,28.59,26.87,13.21,12.09,41.58,36.77,0.0,911.1357,3.280085,925.0,92989.23,930.5336,929.3539,0.71,3.456,2021,9,6,12,0
"2021-09-06 13:00:00",1460.0,"4720",11.51,44.51,7.09,2.099,70.44,302.21,284.12,30.52,30.35,28.38,12.79,8.85,37.56,27.19,0.0,877.9178,3.160502,1048.0,92893.01000000001,929.4368,928.469,0.696,3.367,2021,9,6,13,0
"2021-09-06 14:00:00",1461.0,"4720",11.3,44.86,5.88,1.712,88.0,302.34999999999997,283.2,29.48,30.53,28.18,10.79,9.0,32.15,27.84,0.0,587.1964,2.113904,946.0,92808.53,928.5117,927.7829,0.498,3.001,2021,9,6,14,0
"2021-09-06 15:00:00",1462.0,"4720",11.19,47.37,6.14,1.658,53.57,303.03999999999996,282.73999999999995,27.91,30.67,29.17,10.84,9.01,30.29,26.87,0.0,596.4243,2.147128,765.2,92761.37,927.8571,927.5144,0.487,2.391,2021,9,6,15,0
"2021-09-06 16:00:00",1463.0,"4720",11.12,45.54,4.17,1.45,93.1,301.97999999999996,282.79999999999995,30.64,30.21,28.24,10.2,9.17,31.87,27.84,0.0,224.7057,0.8089397,525.4,92764.83,927.7975,927.4922,0.236,1.595,2021,9,6,16,0
"2021-09-06 17:00:00",1464.0,"4720",10.79,40.72,3.74,1.155,69.8,300.96,282.73999999999995,32.79,28.95,27.32,10.07,9.07,33.07,30.64,0.0,87.58607,0.3153107,167.4,92793.61,928.1788,927.7338,0.119,0.706,2021,9,6,17,0
"2021-09-06 18:00:00",1465.0,"4720",10.64,36.33,3.77,0.851,66.81,299.53999999999996,282.76,37.86,27.48,25.42,10.24,9.34,38.05,32.58,0.0,"NAN","NAN","NAN",92838.09999999999,928.6644,928.1392,0.023,0.053,2021,9,6,18,0
"2021-09-06 19:00:00",1466.0,"4720",10.61,32.4,1.59,0.453,39.53,297.77,283.34999999999997,42.62,25.6,23.58,10.62,9.98,42.76,37.8,0.0,0.0,0.0,0.0,92886.37999999999,929.0141,928.6318,0.01,0.0,2021,9,6,19,0
"2021-09-06 20:00:00",1467.0,"4720",10.58,29.56,1.08,0.556,342.5,296.17999999999995,283.56,46.39,23.76,22.47,10.83,10.18,47.15,42.68,0.0,0.0,0.0,0.0,92910.49,929.2551,928.9807,0.013,0.0,2021,9,6,20,0
"2021-09-06 21:00:00",1468.0,"4720",10.54,27.26,1.05,0.562,332.2,295.53,283.60999999999996,47.94,22.64,22.2,11.05,10.25,48.15,46.06,0.0,0.0,0.0,0.0,92942.95,929.5942,929.221,0.012,0.0,2021,9,6,21,0
"2021-09-06 22:00:00",1469.0,"4720",10.52,26.04,2.16,0.744,306.7,295.51,283.95,46.78,22.72,22.2,11.36,10.53,49.45,46.78,0.0,0.0,0.0,0.0,92969.32,929.7498,929.5625,0.018,0.0,2021,9,6,22,0
"2021-09-06 23:00:00",1470.0,"4720",10.51,26.15,2.55,0.889,283.0,294.47999999999996,283.92999999999995,55.38,22.81,19.91,11.23,10.56,55.6,46.45,0.0,0.0,0.0,0.0,92947.72,929.6797,929.2985,0.021,0.0,2021,9,6,23,0
"2021-09-07 00:00:00",1471.0,"4720",10.48,24.58,2.35,0.778,262.1,293.42999999999995,283.89,57.14,21.13,19.65,11.1,10.58,57.14,51.79,0.0,0.0,0.0,0.0,92909.58,929.3229,928.8784,0.015,0.0,2021,9,7,0,0
"2021-09-07 01:00:00",1472.0,"4720",10.48,24.48,2.99,0.7,226.9,293.48999999999995,284.13,53.49,21.47,19.52,11.45,10.72,58.72,51.27,0.0,0.0,0.0,0.0,92864.87,928.9297,928.3794,0.012,0.0,2021,9,7,1,0
"2021-09-07 02:00:00",1473.0,"4720",10.46,24.46,2.64,1.003,240.8,292.71,284.87,61.9,20.78,18.99,13.03,10.8,66.25,53.49,0.0,0.0,0.0,0.0,92827.82999999999,928.4551,928.0995,0.017,0.0,2021,9,7,2,0
"2021-09-07 03:00:00",1474.0,"4720",10.42,22.71,3.28,1.434,294.5,292.10999999999996,285.23999999999995,64.24,19.23,18.79,12.56,11.39,65.74,61.3,0.0,0.0,0.0,0.0,92801.4,928.1329,927.902,0.022,0.0,2021,9,7,3,0
"2021-09-07 04:00:00",1475.0,"4720",10.38,22.61,4.68,1.19,335.1,291.72999999999996,284.69,58.7,19.3,17.55,12.39,10.17,66.54,58.69,0.0,0.0,0.0,0.0,92799.87,928.3689,927.8297,0.018,0.0,2021,9,7,4,0
"2021-09-07 05:00:00",1476.0,"4720",10.38,22.0,5.42,1.855,25.2,291.48999999999995,283.57,64.3,18.91,17.42,10.85,10.08,64.45,57.46,0.0,0.0,0.0,0.0,92867.62999999999,928.98,928.2813,0.032,0.0,2021,9,7,5,0
"2021-09-07 06:00:00",1477.0,"4720",10.36,21.55,5.14,1.62,24.31,290.79999999999995,284.02,63.73,18.25,17.02,11.25,10.54,66.22,63.06,0.0,2.555225,0.009198802,17.43,92926.5,929.635,928.934,0.025,0.019,2021,9,7,6,0
"2021-09-07 07:00:00",1478.0,"4720",10.38,22.87,4.03,1.385,13.72,291.44,284.4,60.2,19.75,17.68,11.9,10.91,65.29,60.07,0.0,"NAN","NAN","NAN",93003.01,930.474,929.6025,0.066,0.525,2021,9,7,7,0
"2021-09-07 08:00:00",1479.0,"4720",10.48,27.98,7.02,2.276,26.69,293.65999999999997,285.42999999999995,58.26,21.5,19.58,13.04,11.68,60.46,57.99,0.0,301.4355,1.085167,404.9,93063.2,930.8127,930.4072,0.217,1.405,2021,9,7,8,0
"2021-09-07 09:00:00",1480.0,"4720",10.95,31.96,6.87,2.612,31.53,295.76,286.27,51.1,23.96,21.36,13.74,12.76,58.42,50.96,0.0,511.8835,1.84278,612.4,93092.68,931.1913,930.7191,0.371,2.218,2021,9,7,9,0
"2021-09-07 10:00:00",1481.0,"4720",11.16,34.82,7.24,2.847,38.8,297.75,286.17999999999995,44.84,25.57,23.59,13.75,12.29,51.82,44.58,0.0,701.3374,2.524814,782.0,93118.7,931.3168,930.9449,0.524,2.871,2021,9,7,10,0
"2021-09-07 11:00:00",1482.0,"4720",12.05,36.18,7.3,2.754,45.4,299.37,285.7,38.79,27.05,25.29,13.18,11.52,45.88,38.65,0.0,827.0487,2.97738,866.0,93048.25,931.0209,929.9355,0.633,3.304,2021,9,7,11,0
"2021-09-07 12:00:00",1483.0,"4720",11.91,39.23,6.94,2.453,56.86,300.76,285.09,35.79,28.69,26.54,12.72,11.28,40.86,35.47,0.0,876.0069,3.153625,892.0,92957.65,930.0287,929.0593,0.684,3.477,2021,9,7,12,0
"2021-09-07 13:00:00",1484.0,"4720",11.76,42.48,7.02,2.375,50.87,301.76,284.52,33.12,29.35,28.18,12.21,10.81,36.47,32.86,0.0,833.7363,3.00145,943.0,92877.95,929.1381,928.3682,0.67,3.373,2021,9,7,13,0
"2021-09-07 14:00:00",1485.0,"4720",11.4,45.29,6.76,1.866,78.15,302.67999999999995,283.97999999999996,31.69,30.29,29.04,11.61,10.29,33.35,30.26,0.0,732.5801,2.637285,835.0,92799.82,928.4779,927.5487,0.594,3.002,2021,9,7,14,0
"2021-09-07 15:00:00",1486.0,"4720",11.21,45.29,5.23,1.681,100.2,302.47999999999996,283.94,31.56,30.01,28.84,11.33,10.43,32.72,30.71,0.0,502.3434,1.808435,719.0,92736.81,927.6198,927.1099,0.427,2.388,2021,9,7,15,0
"2021-09-07 16:00:00",1487.0,"4720",11.19,44.73,4.42,1.257,104.2,302.45,283.9,31.95,30.03,28.77,11.23,10.4,32.84,30.52,0.0,310.2288,1.116822,470.4,92715.25,927.2712,927.0773,0.268,1.593,2021,9,7,16,0
"2021-09-07 17:00:00",1488.0,"4720",11.12,43.52,3.56,0.991,92.5,302.01,283.85999999999996,33.38,29.42,28.31,11.09,10.46,33.64,31.43,0.0,142.4005,0.5126411,249.2,92724.63,927.4103,927.1249,0.121,0.705,2021,9,7,17,0
"2021-09-07 18:00:00",1489.0,"4720",10.65,39.36,2.52,0.736,41.51,300.13,283.56,37.47,28.43,25.55,11.19,9.85,37.68,32.6,0.0,13.42489,0.04832963,65.22,92760.64,927.8138,927.369,-0.016,0.054,2021,9,7,18,0
"2021-09-07 19:00:00",1490.0,"4720",10.62,33.51,2.26,0.735,4.399,297.53999999999996,283.17999999999995,42.88,25.67,23.25,10.41,9.84,43.25,37.47,0.0,0.0,0.0,0.0,92805.68,928.3415,927.7814,0.013,0.0,2021,9,7,19,0
"2021-09-07 20:00:00",1491.0,"4720",10.59,29.58,1.76,0.612,347.3,295.98999999999995,283.02,44.7,23.44,22.4,10.15,9.73,45.14,42.61,0.0,0.0,0.0,0.0,92856.62999999999,928.8136,928.3076,0.005,0.0,2021,9,7,20,0
"2021-09-07 21:00:00",1492.0,"4720",10.56,26.95,1.12,0.442,315.4,295.32,283.15999999999997,47.5,22.77,21.61,10.49,9.75,48.1,44.17,0.0,0.0,0.0,0.0,92908.87,929.3617,928.783,-0.003,0.0,2021,9,7,21,0
"2021-09-07 22:00:00",1493.0,"4720",10.53,25.31,2.09,0.689,290.5,293.56,283.16999999999996,53.75,21.74,19.65,10.39,9.7,54.2,47.43,0.0,0.0,0.0,0.0,92965.09999999999,929.9449,929.3398,0.005,0.0,2021,9,7,22,0
"2021-09-07 23:00:00",1494.0,"4720",10.51,23.73,3.91,0.742,258.5,292.92999999999995,283.21,52.64,20.15,19.45,10.32,9.86,54.84,52.57,0.0,0.0,0.0,0.0,92976.05,929.8527,929.6779,0.005,0.0,2021,9,7,23,0
"2021-09-08 00:00:00",1495.0,"4720",10.49,23.16,4.23,1.497,274.8,292.60999999999996,283.57,58.25,20.15,19.06,11.03,9.94,58.43,52.57,0.0,0.0,0.0,0.0,92992.14,930.0076,929.7216,0.024,0.0,2021,9,8,0,0
"2021-09-08 01:00:00",1496.0,"4720",10.46,22.82,4.2,1.602,261.4,292.5,284.28,59.55,19.63,19.19,11.53,10.85,60.1,57.66,0.0,0.0,0.0,0.0,92958.56,929.9663,929.1601,0.024,0.0,2021,9,8,1,0
"2021-09-08 02:00:00",1497.0,"4720",10.46,22.73,3.47,1.549,289.3,291.60999999999996,283.95,61.43,19.43,18.01,11.39,10.62,62.29,59.09,0.0,0.0,0.0,0.0,92898.8,929.2394,928.7245,0.02,0.0,2021,9,8,2,0
"2021-09-08 03:00:00",1498.0,"4720",10.44,21.87,3.43,1.642,282.0,291.15,283.54999999999995,61.89,18.58,17.35,10.9,10.08,62.76,60.13,0.0,0.0,0.0,0.0,92873.32,928.7712,928.6532,0.021,0.0,2021,9,8,3,0
"2021-09-08 04:00:00",1499.0,"4720",10.41,21.34,2.81,1.298,279.9,290.53,283.21999999999997,61.11,17.73,17.09,10.36,9.89,63.21,60.97,0.0,0.0,0.0,0.0,92883.33,929.0214,928.6918,0.013,0.0,2021,9,8,4,0
"2021-09-08 05:00:00",1500.0,"4720",10.4,20.73,1.87,0.719,301.6,290.08,283.0,61.1,17.72,16.24,10.16,9.59,65.29,60.97,0.0,0.0,0.0,0.0,92924.48000000001,929.4609,928.9861,0.0,0.0,2021,9,8,5,0
"2021-09-08 06:00:00",1501.0,"4720",10.37,20.17,2.63,0.832,355.4,290.15,282.71999999999997,59.6,17.66,16.37,10.05,8.79,63.98,59.54,0.0,2.224266,0.008007363,15.97,92998.69,930.7015,929.4329,0.004,0.02,2021,9,8,6,0
"2021-09-08 07:00:00",1502.0,"4720",10.38,22.02,3.42,1.159,12.05,290.58,282.46999999999997,56.25,18.75,16.69,9.9,8.76,61.22,56.15,0.0,75.38639,0.2713903,210.7,93110.55,931.4392,930.6796,0.063,0.542,2021,9,8,7,0
"2021-09-08 08:00:00",1503.0,"4720",10.56,27.81,4.39,1.537,26.54,293.53,284.10999999999996,53.12,21.73,18.6,11.92,9.7,56.4,52.78,0.0,263.9836,0.9503395,389.2,93184.97,932.2123,931.402,0.192,1.427,2021,9,8,8,0
"2021-09-08 09:00:00",1504.0,"4720",10.97,32.74,5.13,1.595,45.31,296.02,285.27,47.58,24.38,21.55,12.85,11.54,53.4,47.44,0.0,480.7723,1.730775,575.6,93238.01,932.5563,932.1525,0.345,2.241,2021,9,8,9,0
"2021-09-08 10:00:00",1505.0,"4720",11.14,35.85,6.18,2.276,45.43,298.27,285.63,42.89,26.54,23.92,13.17,12.1,48.72,42.76,0.0,668.0159,2.404859,771.6,93251.64,932.6307,932.2579,0.507,2.892,2021,9,8,10,0
"2021-09-08 11:00:00",1506.0,"4720",11.99,37.57,5.55,2.269,50.92,300.10999999999996,286.15,40.87,27.98,26.34,13.57,12.6,43.59,40.35,0.0,831.7691,2.994366,879.0,93196.59,932.3904,931.5515,0.636,3.313,2021,9,8,11,0
"2021-09-08 12:00:00",1507.0,"4720",11.91,40.91,5.8,1.847,62.89,301.31,285.64,34.23,29.85,27.07,13.27,11.7,41.76,33.25,0.0,893.4512,3.216428,930.0,93113.3,931.6217,930.6029,0.687,3.483,2021,9,8,12,0
"2021-09-08 13:00:00",1508.0,"4720",11.32,42.92,5.29,1.512,77.36,302.21999999999997,284.59,33.38,30.1,28.44,12.93,10.62,35.35,32.01,0.0,636.9993,2.293193,935.0,93015.43000000001,930.66,929.6748,0.525,3.383,2021,9,8,13,0
"2021-09-08 14:00:00",1509.0,"4720",11.26,43.56,5.34,1.579,124.5,301.90999999999997,284.52,34.62,30.04,27.98,12.09,10.97,35.83,32.28,0.0,417.5389,1.503142,885.0,92929.3,929.7061,928.929,0.382,3.005,2021,9,8,14,0
"2021-09-08 15:00:00",1510.0,"4720",11.27,41.79,3.62,1.166,108.2,302.07,284.7,32.93,30.14,28.11,12.17,11.12,35.86,32.41,0.0,343.9944,1.23838,690.7,92869.54,928.9547,928.4862,0.306,2.388,2021,9,8,15,0
"2021-09-08 16:00:00",1511.0,"4720",11.03,42.17,5.79,1.593,155.7,301.63,285.69,43.15,30.14,27.52,14.22,11.42,43.29,32.28,0.0,145.6755,0.5244317,400.2,92835.58,928.5209,928.2211,0.194,1.586,2021,9,8,16,0
"2021-09-08 17:00:00",1512.0,"4720",10.85,37.55,5.03,2.237,182.8,300.19,287.09999999999997,45.82,27.7,26.6,14.43,13.68,46.14,43.02,0.0,79.12575,0.2848517,109.7,92843.33,928.5935,928.3127,0.152,0.698,2021,9,8,17,0
"2021-09-08 18:00:00",1513.0,"4720",10.61,34.39,3.71,1.236,194.0,298.64,287.03,50.96,26.75,24.37,14.18,13.57,51.54,45.69,0.0,"NAN","NAN","NAN",92885.53,929.2487,928.5109,0.04,0.054,2021,9,8,18,0
"2021-09-08 19:00:00",1514.0,"4720",10.59,30.17,3.68,1.095,207.7,297.29999999999995,286.85999999999996,54.42,24.48,23.78,14.26,13.43,54.61,50.96,0.0,0.0,0.0,0.0,92938.93000000001,929.6448,929.2178,0.036,0.0,2021,9,8,19,0
"2021-09-08 20:00:00",1515.0,"4720",10.57,28.65,3.78,1.289,205.1,296.37,287.35999999999996,58.19,23.95,22.8,14.52,13.97,58.33,54.35,0.0,0.0,0.0,0.0,92991.98,930.2182,929.6028,0.036,0.0,2021,9,8,20,0
"2021-09-08 21:00:00",1516.0,"4720",10.56,27.18,5.01,1.914,195.8,295.5,286.52,57.41,22.97,21.68,14.41,12.55,58.76,54.93,0.0,0.0,0.0,0.0,93055.23,931.0088,930.1653,0.048,0.0,2021,9,8,21,0
"2021-09-08 22:00:00",1517.0,"4720",10.53,26.21,5.33,1.864,199.1,294.13,288.13,74.74,21.8,20.3,15.99,12.88,74.91,57.41,0.0,0.0,0.0,0.0,93104.81999999999,931.1484,930.899,0.033,0.0,2021,9,8,22,0
"2021-09-08 23:00:00",1518.0,"4720",10.52,24.8,6.35,2.046,196.0,293.06,289.46,83.8,20.43,19.65,17.07,15.66,83.9,74.74,0.0,0.0,0.0,0.0,93105.09,931.2101,930.8989,0.021,0.0,2021,9,8,23,0
"2021-09-09 00:00:00",1519.0,"4720",10.51,24.29,7.11,2.819,193.4,292.62,290.06,85.1,19.89,19.32,17.12,16.77,85.9,83.7,0.0,0.0,0.0,0.0,93117.74,931.4313,930.9531,0.018,0.0,2021,9,9,0,0
"2021-09-09 01:00:00",1520.0,"4720",10.49,24.18,6.05,2.252,198.4,292.28999999999996,289.73999999999995,85.8,19.51,18.8,16.94,16.36,85.9,84.4,0.0,0.0,0.0,0.0,93116.52,931.4259,930.7717,0.016,0.0,2021,9,9,1,0
"2021-09-09 02:00:00",1521.0,"4720",10.44,23.56,6.23,2.489,194.1,291.77,289.54999999999995,87.2,18.97,18.47,16.63,16.3,87.4,85.8,0.0,0.0,0.0,0.0,93078.03,930.9102,930.5664,0.014,0.0,2021,9,9,2,0
"2021-09-09 03:00:00",1522.0,"4720",10.44,23.28,5.97,2.722,191.7,291.34999999999997,289.46999999999997,89.8,18.64,18.01,16.54,16.23,90.2,87.1,0.0,0.0,0.0,0.0,93069.86,930.8197,930.4827,0.013,0.0,2021,9,9,3,0
"2021-09-09 04:00:00",1523.0,"4720",10.39,22.68,5.31,1.736,188.6,290.83,289.35999999999996,92.1,18.18,17.29,16.54,16.0,92.3,89.8,0.0,0.0,0.0,0.0,93090.29000000001,931.1174,930.6935,0.007,0.0,2021,9,9,4,0
"2021-09-09 05:00:00",1524.0,"4720",10.38,21.94,3.22,0.86,196.8,290.56,289.21,90.9,17.79,17.15,16.43,15.7,92.8,90.6,0.0,0.0,0.0,0.0,93132.41,931.7136,931.0735,0.002,0.0,2021,9,9,5,0
"2021-09-09 06:00:00",1525.0,"4720",10.36,21.66,1.12,0.352,260.4,289.96999999999997,288.69,92.9,17.4,16.43,15.93,15.22,93.1,90.8,0.0,3.027942,0.01090059,19.54,93203.49,932.3374,931.6921,0.001,0.022,2021,9,9,6,0
"2021-09-09 07:00:00",1526.0,"4720",10.35,22.25,1.17,0.404,298.4,290.41999999999996,289.2,89.5,18.5,16.5,16.8,15.35,93.7,89.4,0.0,84.87763,0.3055596,196.7,93260.39,932.9561,932.3041,0.037,0.539,2021,9,9,7,0
"2021-09-09 08:00:00",1527.0,"4720",10.56,28.69,2.99,0.981,0.684,292.91999999999996,289.32,71.49,20.95,18.34,17.01,15.36,89.6,71.49,0.0,298.1715,1.073418,411.9,93328.9,933.7192,932.9213,0.178,1.411,2021,9,9,8,0
"2021-09-09 09:00:00",1528.0,"4720",10.96,33.91,4.07,1.209,36.5,295.52,288.53999999999996,58.98,23.9,20.84,15.9,14.96,71.68,58.98,0.0,523.1325,1.883276,627.9,93395.34999999999,934.2881,933.6545,0.348,2.229,2021,9,9,9,0
"2021-09-09 10:00:00",1529.0,"4720",11.17,37.62,4.29,1.384,52.59,298.02,288.17999999999995,47.39,26.39,23.66,15.88,14.15,59.82,47.39,0.0,720.6258,2.59425,851.0,93431.54,934.4188,934.1428,0.51,2.88,2021,9,9,10,0
"2021-09-09 11:00:00",1530.0,"4720",11.34,39.38,4.68,1.421,128.9,299.73999999999995,287.07,42.57,27.33,25.69,14.75,12.92,49.02,42.24,0.0,714.7623,2.573141,1005.0,93371.22,934.1869,933.1823,0.54,3.316,2021,9,9,11,0
"2021-09-09 12:00:00",1531.0,"4720",11.36,39.83,4.49,1.418,172.4,300.65999999999997,286.57,38.01,28.38,26.87,14.21,12.6,43.77,38.01,0.0,653.7856,2.353627,1000.0,93275.44,933.2063,932.2524,0.516,3.484,2021,9,9,12,0
"2021-09-09 13:00:00",1532.0,"4720",11.39,42.53,5.9,1.964,166.3,301.37,286.34999999999997,40.68,28.93,27.47,13.88,12.54,41.86,37.49,0.0,661.7485,2.382296,972.0,93192.94,932.3074,931.493,0.543,3.374,2021,9,9,13,0
"2021-09-09 14:00:00",1533.0,"4720",11.29,42.69,5.54,2.219,180.7,301.51,286.09999999999997,36.05,29.28,27.4,14.03,12.17,41.98,35.53,0.0,580.4744,2.089707,867.0,93121.23,931.6146,930.8986,0.496,2.997,2021,9,9,14,0
"2021-09-09 15:00:00",1534.0,"4720",11.4,43.18,6.74,2.91,183.4,301.84999999999997,285.28999999999996,34.13,29.47,28.25,13.09,11.28,37.87,34.04,0.0,552.1749,1.987833,764.4,93075.35,930.9666,930.5164,0.494,2.389,2021,9,9,15,0
"2021-09-09 16:00:00",1535.0,"4720",11.29,43.07,7.59,3.156,179.2,301.48999999999995,284.25,34.74,29.02,27.98,12.13,10.43,35.88,32.73,0.0,376.9284,1.356944,477.6,93067.90999999999,930.781,930.5317,0.38,1.599,2021,9,9,16,0
"2021-09-09 17:00:00",1536.0,"4720",11.15,41.25,7.51,3.44,172.9,300.56,283.17999999999995,35.13,28.38,26.54,11.44,8.89,35.39,30.25,0.0,169.6634,0.6107863,304.4,93081.8,931.2202,930.4564,0.247,0.712,2021,9,9,17,0
"2021-09-09 18:00:00",1537.0,"4720",10.64,37.12,6.69,2.61,175.3,298.76,283.38,40.66,26.69,24.7,10.69,9.85,40.89,35.13,0.0,10.65638,0.03836308,57.57,93141.38,931.8329,931.0938,0.101,0.054,2021,9,9,18,0
"2021-09-09 19:00:00",1538.0,"4720",10.63,31.83,5.31,2.333,191.9,297.04999999999995,284.60999999999996,51.68,24.88,23.06,12.84,10.46,51.92,40.66,0.0,0.0,0.0,0.0,93220.15,932.6584,931.7581,0.055,0.0,2021,9,9,19,0
"2021-09-09 20:00:00",1539.0,"4720",10.59,29.04,8.81,3.519,189.6,295.53,286.28,66.27,23.22,21.42,15.1,11.9,66.39,50.17,0.0,0.0,0.0,0.0,93312.15,933.7221,932.5931,0.058,0.0,2021,9,9,20,0
"2021-09-09 21:00:00",1540.0,"4720",10.56,27.2,9.3,3.946,190.4,293.96999999999997,288.40999999999997,73.6,21.57,20.24,15.61,14.89,73.69,66.34,0.0,0.0,0.0,0.0,93414.45,934.6362,933.4729,0.037,0.0,2021,9,9,21,0
"2021-09-09 22:00:00",1541.0,"4720",10.52,25.69,9.01,4.134,186.9,293.01,288.28,74.74,20.42,19.25,15.6,14.68,75.11,73.57,0.0,0.0,0.0,0.0,93477.92,935.0272,934.3771,0.031,0.0,2021,9,9,22,0
"2021-09-09 23:00:00",1542.0,"4720",10.5,24.56,8.82,4.206,186.7,291.94,286.85999999999996,72.9,19.43,18.34,14.85,13.28,74.95,69.98,0.0,0.0,0.0,0.0,93488.77,935.0613,934.5832,0.032,0.0,2021,9,9,23,0
"2021-09-10 00:00:00",1543.0,"4720",10.5,23.16,8.68,4.393,188.4,291.15999999999997,286.41999999999996,74.02,18.51,17.61,13.65,12.87,74.74,72.78,0.0,0.0,0.0,0.0,93455.83,934.8907,934.2059,0.03,0.0,2021,9,10,0,0
"2021-09-10 01:00:00",1544.0,"4720",10.48,22.22,9.43,3.564,190.3,290.46,286.33,77.74,17.79,16.89,13.53,12.93,78.03,73.95,0.0,0.0,0.0,0.0,93416.17,934.4742,933.8584,0.02,0.0,2021,9,10,1,0
"2021-09-10 02:00:00",1545.0,"4720",10.46,21.46,6.49,2.052,201.1,289.63,285.98999999999995,78.38,17.07,16.23,13.3,12.48,80.5,77.4,0.0,0.0,0.0,0.0,93380.21,934.0558,933.5536,0.005,0.0,2021,9,10,2,0
"2021-09-10 03:00:00",1546.0,"4720",10.41,20.23,6.94,2.347,200.9,289.34,285.5,76.49,16.54,15.97,12.77,11.99,79.22,76.16,0.0,0.0,0.0,0.0,93378.63,934.0261,933.4077,0.009,0.0,2021,9,10,3,0
"2021-09-10 04:00:00",1547.0,"4720",10.42,20.09,7.78,3.061,192.2,289.31,285.90999999999997,85.0,16.48,15.78,13.51,12.01,85.1,75.9,0.0,0.0,0.0,0.0,93395.97,934.1382,933.7073,0.012,0.0,2021,9,10,4,0
"2021-09-10 05:00:00",1548.0,"4720",10.38,19.8,7.35,3.015,191.1,289.02,286.38,84.1,16.15,15.58,13.5,13.03,85.7,82.9,0.0,0.0,0.0,0.0,93413.71,934.3303,933.7445,0.006,0.0,2021,9,10,5,0
"2021-09-10 06:00:00",1549.0,"4720",10.35,19.97,6.96,2.611,192.8,289.17999999999995,286.23999999999995,84.4,16.51,15.78,13.5,12.91,84.6,81.0,0.0,3.924439,0.01412798,22.54,93439.09,934.6362,934.0992,0.007,0.024,2021,9,10,6,0
"2021-09-10 07:00:00",1550.0,"4720",10.38,22.24,6.45,2.519,189.6,290.06,287.21,78.68,18.66,15.97,14.93,13.32,84.8,78.52,0.0,96.7407,0.3482661,261.5,93489.5,935.3534,934.4219,0.06,0.556,2021,9,10,7,0
"2021-09-10 08:00:00",1551.0,"4720",10.5,25.9,9.51,4.115,174.5,292.34,287.84,71.22,19.96,18.47,15.09,14.33,78.46,71.03,0.0,282.982,1.018737,612.1,93542.71,935.788,935.1076,0.193,1.435,2021,9,10,8,0
"2021-09-10 09:00:00",1552.0,"4720",10.92,28.39,8.58,4.109,173.6,293.4,287.78,65.56,21.83,19.52,15.19,14.23,73.37,64.97,0.0,354.752,1.277107,879.0,93614.48000000001,936.426,935.5006,0.261,2.25,2021,9,10,9,0
"2021-09-10 10:00:00",1553.0,"4720",11.05,32.14,10.48,4.594,178.6,295.27,287.62,58.4,23.37,21.03,15.29,13.9,68.62,57.15,0.0,666.3789,2.398962,945.0,93632.14,936.5405,936.0554,0.461,2.9,2021,9,10,10,0
"2021-09-10 11:00:00",1554.0,"4720",11.16,34.11,9.34,4.29,175.8,297.19,286.56,49.34,25.39,22.48,14.31,12.56,58.51,47.71,0.0,777.5829,2.799299,1045.0,93590.41,936.2892,935.2144,0.579,3.335,2021,9,10,11,0
"2021-09-10 12:00:00",1555.0,"4720",11.64,36.03,10.69,4.874,179.0,298.10999999999996,286.96999999999997,46.8,25.81,24.18,14.79,12.4,52.87,44.84,0.0,909.3241,3.27357,1180.0,93508.93,935.6641,934.4014,0.671,3.491,2021,9,10,12,0
"2021-09-10 13:00:00",1556.0,"4720",11.46,38.9,9.59,4.749,177.7,299.0,286.17999999999995,46.93,26.66,25.29,14.54,11.77,49.51,40.87,0.0,818.5207,2.946678,1060.0,93443.97,934.899,933.9491,0.65,3.386,2021,9,10,13,0
"2021-09-10 14:00:00",1557.0,"4720",11.51,40.07,9.94,4.704,172.6,299.34999999999997,285.58,42.37,26.8,25.36,13.49,11.85,47.13,40.28,0.0,722.5499,2.601186,1010.0,93378.85,934.1759,933.2988,0.604,3.011,2021,9,10,14,0
"2021-09-10 15:00:00",1558.0,"4720",11.3,40.23,10.31,4.676,179.9,298.41999999999996,286.57,57.49,26.65,23.85,15.4,11.94,57.87,42.31,0.0,445.558,1.604008,840.0,93336.83,933.7264,932.8649,0.423,2.384,2021,9,10,15,0
"2021-09-10 16:00:00",1559.0,"4720",11.29,37.32,10.49,5.229,185.8,296.28,287.83,59.46,24.1,22.47,15.44,14.17,60.9,56.97,0.0,356.3816,1.282974,517.7,93350.35,933.7986,932.996,0.313,1.581,2021,9,10,16,0
"2021-09-10 17:00:00",1560.0,"4720",11.08,34.59,9.6,4.707,185.5,294.87,286.65,59.04,22.9,21.16,14.55,12.63,61.26,57.67,0.0,115.4842,0.4157433,270.0,93398.24,934.2816,933.4436,0.173,0.705,2021,9,10,17,0
"2021-09-10 18:00:00",1561.0,"4720",10.61,30.4,8.71,3.873,187.4,293.65999999999997,286.28999999999996,66.4,21.33,20.04,13.76,12.83,66.53,58.97,0.0,"NAN","NAN","NAN",93437.86,934.6741,934.1071,0.077,0.055,2021,9,10,18,0
"2021-09-10 19:00:00",1562.0,"4720",10.59,26.87,7.53,3.49,188.3,293.04999999999995,287.03,69.51,20.26,19.65,14.15,13.59,69.77,66.33,0.0,0.0,0.0,0.0,93479.08,935.0066,934.4177,0.036,0.0,2021,9,10,19,0
"2021-09-10 20:00:00",1563.0,"4720",10.57,25.49,6.78,3.043,183.8,292.51,286.87,71.29,19.8,18.99,14.12,13.51,71.45,68.61,0.0,0.0,0.0,0.0,93515.67,935.3394,934.9024,0.028,0.0,2021,9,10,20,0
"2021-09-10 21:00:00",1564.0,"4720",10.54,24.33,8.79,4.106,184.5,291.94,286.27,66.78,19.17,18.53,13.85,12.26,71.48,66.78,0.0,0.0,0.0,0.0,93562.26000000001,935.8916,935.1583,0.036,0.0,2021,9,10,21,0
"2021-09-10 22:00:00",1565.0,"4720",10.52,23.92,8.6,3.875,184.1,291.19,284.85999999999996,69.32,18.71,17.29,12.4,11.37,69.46,65.02,0.0,0.0,0.0,0.0,93586.26000000001,935.9852,935.6544,0.038,0.0,2021,9,10,22,0
"2021-09-10 23:00:00",1566.0,"4720",10.5,22.46,7.13,3.51,188.8,289.73999999999995,285.39,80.1,17.46,15.97,12.76,11.59,80.4,69.25,0.0,0.0,0.0,0.0,93595.47,936.0541,935.7013,0.021,0.0,2021,9,10,23,0
"2021-09-11 00:00:00",1567.0,"4720",10.48,20.84,7.01,3.113,190.8,288.90999999999997,285.83,83.0,16.14,15.58,12.96,12.5,83.1,80.1,0.0,0.0,0.0,0.0,93598.96,936.1282,935.7396,0.01,0.0,2021,9,11,0,0
"2021-09-11 01:00:00",1568.0,"4720",10.47,20.23,5.97,2.606,192.6,288.4,285.78999999999996,86.0,15.79,14.92,12.95,12.48,86.0,82.9,0.0,0.0,0.0,0.0,93558.01,935.8958,935.2827,0.005,0.0,2021,9,11,1,0
"2021-09-11 02:00:00",1569.0,"4720",10.44,19.34,6.93,2.651,195.0,287.84,285.65999999999997,88.2,15.14,14.33,12.8,12.32,88.4,85.7,0.0,0.0,0.0,0.0,93513.09,935.4382,934.8311,0.002,0.0,2021,9,11,2,0
"2021-09-11 03:00:00",1570.0,"4720",10.41,18.56,4.72,1.686,206.3,287.26,285.53999999999996,89.2,14.51,13.94,12.86,12.25,90.4,88.2,0.0,0.0,0.0,0.0,93482.29,934.9851,934.5849,-0.006,0.0,2021,9,11,3,0
"2021-09-11 04:00:00",1571.0,"4720",10.39,17.9,6.7,2.545,196.2,287.2,285.37,88.1,14.51,13.87,12.85,11.89,89.8,87.8,0.0,0.0,0.0,0.0,93461.78,934.7552,934.4108,0.0,0.0,2021,9,11,4,0
"2021-09-11 05:00:00",1572.0,"4720",10.35,17.77,6.16,2.148,188.1,286.7,285.13,91.9,14.01,13.22,12.21,11.84,92.0,88.0,0.0,0.0,0.0,0.0,93505.24,935.3768,934.6051,-0.004,0.0,2021,9,11,5,0
"2021-09-11 06:00:00",1573.0,"4720",10.33,18.12,4.69,1.246,210.5,286.79999999999995,285.48999999999995,90.4,14.16,13.22,12.69,11.92,92.7,90.4,0.0,7.398452,0.02663445,45.52,93553.14,935.8107,935.2715,-0.008,0.026,2021,9,11,6,0
"2021-09-11 07:00:00",1574.0,"4720",10.35,19.45,4.53,1.677,196.8,287.51,285.73999999999995,86.1,15.33,13.87,13.09,12.3,91.3,85.2,0.0,92.85795,0.3342884,239.4,93612.62000000001,936.481,935.7877,0.043,0.572,2021,9,11,7,0
"2021-09-11 08:00:00",1575.0,"4720",10.56,25.63,5.28,2.109,192.6,289.45,285.96999999999997,72.13,17.96,15.19,13.24,12.45,86.2,71.55,0.0,326.7064,1.176142,666.3,93655.18,936.7524,936.3695,0.179,1.46,2021,9,11,8,0
"2021-09-11 09:00:00",1576.0,"4720",10.95,28.67,6.06,2.838,185.7,291.26,285.57,65.81,19.18,17.42,13.09,11.76,74.07,63.59,0.0,471.3357,1.696809,885.0,93694.76,937.1617,936.67,0.294,2.284,2021,9,11,9,0
"2021-09-11 10:00:00",1577.0,"4720",11.09,29.93,6.67,2.803,184.9,292.58,285.15,60.53,20.29,18.61,12.87,11.31,66.08,59.03,0.0,492.6402,1.773503,1040.0,93697.01,937.1418,936.7175,0.34,2.94,2021,9,11,10,0
"2021-09-11 11:00:00",1578.0,"4720",11.18,32.1,6.45,2.464,186.0,294.02,285.60999999999996,54.78,22.54,19.72,13.58,11.85,62.34,53.24,0.0,659.0114,2.372436,1185.0,93633.67,936.8425,935.6332,0.451,3.36,2021,9,11,11,0
"2021-09-11 12:00:00",1579.0,"4720",11.56,34.97,7.26,2.503,187.8,295.65999999999997,285.56,53.7,23.7,21.69,13.16,11.62,55.15,49.2,0.0,702.0448,2.52736,1288.0,93526.2,935.7355,934.6513,0.503,3.52,2021,9,11,12,0
"2021-09-11 13:00:00",1580.0,"4720",11.57,35.54,6.89,2.536,190.2,296.10999999999996,285.34,48.81,23.82,21.95,12.73,11.81,54.02,48.55,0.0,607.1568,2.185765,1172.0,93427.51,934.7574,933.7435,0.457,3.406,2021,9,11,13,0
"2021-09-11 14:00:00",1581.0,"4720",11.46,39.12,6.86,2.856,185.6,297.32,285.23999999999995,44.52,25.06,23.46,12.76,11.38,49.27,44.06,0.0,749.7572,2.69913,990.0,93340.51,933.7957,932.9702,0.552,3.022,2021,9,11,14,0
"2021-09-11 15:00:00",1582.0,"4720",11.17,41.11,6.77,2.991,180.4,297.78,285.26,47.12,25.3,23.46,12.73,11.69,48.51,43.61,0.0,588.3251,2.117971,766.9,93267.26999999999,933.032,932.3519,0.459,2.402,2021,9,11,15,0
"2021-09-11 16:00:00",1583.0,"4720",11.18,39.5,7.15,3.108,185.4,297.23999999999995,285.64,51.1,24.97,23.2,13.38,11.75,51.84,45.1,0.0,388.2548,1.397715,544.2,93246.41,932.5575,932.201,0.324,1.599,2021,9,11,16,0
"2021-09-11 17:00:00",1584.0,"4720",11.32,37.2,6.46,2.976,189.2,296.28,285.96,53.5,23.73,22.28,13.29,12.37,53.66,50.9,0.0,177.2436,0.6380747,299.6,93247.05,932.6477,932.2292,0.171,0.709,2021,9,11,17,0
"2021-09-11 18:00:00",1585.0,"4720",10.64,33.87,7.05,2.539,192.1,294.41999999999996,285.71,62.48,22.4,20.17,12.97,12.25,62.48,53.44,0.0,"NAN","NAN","NAN",93246.11,932.6516,932.2511,0.042,0.055,2021,9,11,18,0
"2021-09-11 19:00:00",1586.0,"4720",10.62,27.91,4.46,1.549,197.7,292.91999999999996,285.9,66.07,20.34,19.25,13.0,12.6,66.2,62.29,0.0,0.0,0.0,0.0,93282.93,933.0803,932.5634,0.013,0.0,2021,9,11,19,0
"2021-09-11 20:00:00",1587.0,"4720",10.59,25.29,4.67,1.51,207.0,292.14,285.96999999999997,67.71,19.43,18.79,13.07,12.74,68.22,66.07,0.0,0.0,0.0,0.0,93320.2,933.4519,933.0011,0.009,0.0,2021,9,11,20,0
"2021-09-11 21:00:00",1588.0,"4720",10.53,23.8,4.94,1.512,216.0,291.82,286.10999999999996,71.74,19.14,18.07,13.2,12.83,71.9,67.57,0.0,0.0,0.0,0.0,93356.34999999999,933.8302,933.2895,0.007,0.0,2021,9,11,21,0
"2021-09-11 22:00:00",1589.0,"4720",10.52,22.91,4.52,1.598,200.4,291.13,286.28999999999996,75.39,18.32,17.68,13.53,12.89,75.66,71.74,0.0,0.0,0.0,0.0,93390.73,934.0159,933.7346,0.005,0.0,2021,9,11,22,0
"2021-09-11 23:00:00",1590.0,"4720",10.5,22.06,6.93,2.541,192.4,290.85999999999996,287.09,82.4,18.05,17.61,14.85,13.27,82.7,75.19,0.0,0.0,0.0,0.0,93413.71,934.3535,933.868,0.01,0.0,2021,9,11,23,0
"2021-09-12 00:00:00",1591.0,"4720",10.49,22.5,6.1,2.855,189.6,290.73999999999995,288.01,85.7,17.85,17.42,15.22,14.66,85.8,82.4,0.0,0.0,0.0,0.0,93419.34999999999,934.3983,933.9557,0.006,0.0,2021,9,12,0,0
"2021-09-12 01:00:00",1592.0,"4720",10.48,22.45,6.69,3.058,189.9,290.41999999999996,288.17999999999995,86.9,17.6,17.09,15.24,14.88,87.5,85.6,0.0,0.0,0.0,0.0,93362.01,934.0194,933.2297,0.004,0.0,2021,9,12,1,0
"2021-09-12 02:00:00",1593.0,"4720",10.46,22.22,7.35,3.16,189.5,290.17999999999995,288.03,86.8,17.33,16.96,15.14,14.71,87.7,86.5,0.0,0.0,0.0,0.0,93327.01,933.3943,933.1188,0.004,0.0,2021,9,12,2,0
"2021-09-12 03:00:00",1594.0,"4720",10.45,22.1,6.79,3.07,189.6,289.84999999999997,287.72999999999996,86.8,17.07,16.56,14.92,14.37,87.7,86.8,0.0,0.0,0.0,0.0,93308.55,933.2837,932.907,0.003,0.0,2021,9,12,3,0
"2021-09-12 04:00:00",1595.0,"4720",10.43,21.79,6.65,2.921,189.4,289.65,287.5,87.4,16.79,16.37,14.6,14.21,87.7,86.3,0.0,0.0,0.0,0.0,93295.93,933.0365,932.6675,0.002,0.0,2021,9,12,4,0
"2021-09-12 05:00:00",1596.0,"4720",10.38,21.48,6.44,3.065,190.4,289.57,287.53,87.9,16.61,16.3,14.61,14.29,88.4,87.1,0.0,0.0,0.0,0.0,93312.67,933.3007,932.9003,0.003,0.0,2021,9,12,5,0
"2021-09-12 06:00:00",1597.0,"4720",10.35,21.42,6.54,3.195,190.3,289.40999999999997,287.48999999999995,88.3,16.54,16.17,14.56,14.22,88.8,87.9,0.0,5.800388,0.02088138,30.48,93343.94,933.6979,933.1542,0.003,0.028,2021,9,12,6,0
"2021-09-12 07:00:00",1598.0,"4720",10.42,22.54,7.35,2.883,187.5,289.82,287.60999999999996,82.6,17.61,16.17,14.74,14.25,88.8,82.6,0.0,125.208,0.4507493,260.5,93400.56,934.3095,933.4562,0.062,0.581,2021,9,12,7,0
"2021-09-12 08:00:00",1599.0,"4720",10.53,26.78,7.26,2.806,179.2,291.82,287.32,65.57,20.61,17.42,14.78,13.57,82.8,65.36,0.0,336.7327,1.212238,565.7,93440.64,934.5128,934.1465,0.206,1.467,2021,9,12,8,0
"2021-09-12 09:00:00",1600.0,"4720",11.04,32.85,5.55,2.231,164.3,294.33,286.94,60.66,22.41,20.37,14.55,13.25,66.22,60.41,0.0,601.1937,2.164297,833.0,93447.77,934.6788,934.3199,0.391,2.287,2021,9,12,9,0
"2021-09-12 10:00:00",1601.0,"4720",11.18,35.84,4.86,1.998,159.5,296.13,286.75,51.16,24.11,22.21,14.52,13.02,60.45,51.16,0.0,789.6365,2.842694,865.0,93431.76999999999,934.5914,933.9304,0.536,2.938,2021,9,12,10,0
"2021-09-12 11:00:00",1602.0,"4720",11.35,37.5,8.2,2.28,181.7,298.09999999999997,286.25,45.96,26.08,23.98,13.7,12.67,51.43,44.39,0.0,922.6267,3.321454,1058.0,93355.17,934.0363,933.0552,0.659,3.366,2021,9,12,11,0
"2021-09-12 12:00:00",1603.0,"4720",11.56,39.61,6.33,2.552,163.8,298.85999999999996,286.32,43.29,26.56,24.91,13.98,12.51,48.3,43.28,0.0,857.5449,3.087168,1189.0,93255.51000000001,933.3066,931.7679,0.642,3.523,2021,9,12,12,0
"2021-09-12 13:00:00",1604.0,"4720",11.32,40.42,7.24,2.612,179.7,299.25,285.46999999999997,41.91,27.77,25.23,13.25,11.8,44.05,39.9,0.0,549.2676,1.977362,1146.0,93126.81999999999,931.9099,930.7906,0.471,3.414,2021,9,12,13,0
"2021-09-12 14:00:00",1605.0,"4720",11.3,40.73,7.42,3.207,176.4,299.38,285.59,43.41,27.38,25.49,13.03,12.01,44.19,40.02,0.0,545.6325,1.964275,1073.0,93035.39,930.9307,929.8383,0.479,3.027,2021,9,12,14,0
"2021-09-12 15:00:00",1606.0,"4720",11.23,38.77,7.36,3.501,168.2,298.28,285.63,43.21,26.25,24.5,13.05,12.1,47.07,42.69,0.0,342.8326,1.234202,782.4,92993.34,930.049,929.7169,0.35,2.405,2021,9,12,15,0
"2021-09-12 16:00:00",1607.0,"4720",11.16,39.87,6.83,3.165,171.3,298.65,285.79999999999995,46.8,26.62,24.43,13.2,12.32,47.5,41.98,0.0,327.2164,1.177979,592.5,92986.41,929.996,929.7365,0.316,1.602,2021,9,12,16,0
"2021-09-12 17:00:00",1608.0,"4720",11.36,35.65,6.32,2.822,178.6,297.84999999999997,285.87,49.05,25.16,24.31,13.14,12.32,49.15,45.95,0.0,159.9461,0.5758053,288.6,92993.88,930.0715,929.7612,0.179,0.712,2021,9,12,17,0
"2021-09-12 18:00:00",1609.0,"4720",10.61,34.21,6.47,2.434,187.2,296.34999999999997,286.21999999999997,55.65,24.49,22.27,13.38,12.86,55.83,48.95,0.0,15.27314,0.05498334,76.93,93016.52,930.2968,929.9471,0.042,0.055,2021,9,12,18,0
"2021-09-12 19:00:00",1610.0,"4720",10.61,29.17,4.22,1.577,195.2,295.10999999999996,286.34,58.26,22.45,21.75,13.52,12.99,58.43,55.65,0.0,0.0,0.0,0.0,93052.09999999999,930.7705,930.2274,0.026,0.0,2021,9,12,19,0
"2021-09-12 20:00:00",1611.0,"4720",10.58,27.78,4.75,1.782,193.8,294.91999999999996,286.78,62.43,22.13,21.29,14.02,13.36,62.55,58.12,0.0,0.0,0.0,0.0,93092.4,931.0394,930.7002,0.028,0.0,2021,9,12,20,0
"2021-09-12 21:00:00",1612.0,"4720",10.56,26.85,4.65,1.461,194.2,293.71999999999997,287.15,70.24,21.45,19.97,14.62,13.69,70.28,62.36,0.0,0.0,0.0,0.0,93120.86,931.4052,930.9828,0.015,0.0,2021,9,12,21,0
"2021-09-12 22:00:00",1613.0,"4720",10.54,24.85,5.12,2.301,190.9,292.53,287.96999999999997,79.04,20.09,18.79,15.31,14.36,79.2,70.31,0.0,0.0,0.0,0.0,93129.28,931.4557,931.1302,0.017,0.0,2021,9,12,22,0
"2021-09-12 23:00:00",1614.0,"4720",10.5,23.67,5.16,1.299,200.9,291.44,288.46,86.3,18.97,17.81,15.73,15.04,86.5,78.98,0.0,0.0,0.0,0.0,93124.90000000001,931.3756,931.1044,-0.001,0.0,2021,9,12,23,0
"2021-09-13 00:00:00",1615.0,"4720",10.5,22.3,3.58,0.996,206.9,290.78,288.73999999999995,88.9,18.05,17.29,15.83,15.4,88.9,86.3,0.0,0.0,0.0,0.0,93086.86,931.1573,930.5603,-0.007,0.0,2021,9,13,0,0
"2021-09-13 01:00:00",1616.0,"4720",10.47,21.43,3.08,0.768,223.5,290.41999999999996,288.65,89.4,17.5,17.15,15.72,15.4,89.7,88.7,0.0,0.0,0.0,0.0,93039.31,930.692,930.1013,-0.01,0.0,2021,9,13,1,0
"2021-09-13 02:00:00",1617.0,"4720",10.43,21.34,2.1,0.69,270.7,290.26,288.53,89.0,17.33,17.02,15.69,15.24,90.1,88.9,0.0,0.0,0.0,0.0,92986.76000000001,930.1324,929.7042,-0.011,0.0,2021,9,13,2,0
"2021-09-13 03:00:00",1618.0,"4720",10.44,21.21,1.99,0.842,294.8,290.16999999999996,288.4,89.4,17.27,16.89,15.53,15.1,89.7,88.7,0.0,0.0,0.0,0.0,92954.89,929.7245,929.3666,-0.01,0.0,2021,9,13,3,0
"2021-09-13 04:00:00",1619.0,"4720",10.4,21.07,1.79,0.49,334.4,289.92999999999995,288.12,88.5,17.09,16.5,15.36,14.58,89.6,88.4,0.0,0.0,0.0,0.0,92939.43000000001,929.4847,929.3163,-0.013,0.0,2021,9,13,4,0
"2021-09-13 05:00:00",1620.0,"4720",10.38,20.57,2.63,0.785,6.518,289.76,287.79999999999995,87.8,16.94,16.3,14.92,14.42,89.0,87.4,0.0,0.0,0.0,0.0,92947.97,929.6494,929.3949,-0.01,0.0,2021,9,13,5,0
"2021-09-13 06:00:00",1621.0,"4720",10.34,20.59,4.51,1.36,9.68,289.79999999999995,287.85999999999996,87.6,16.94,16.56,14.93,14.62,88.7,87.4,0.0,"NAN","NAN","NAN",92995.84999999999,930.4116,929.6215,-0.003,0.031,2021,9,13,6,0
"2021-09-13 07:00:00",1622.0,"4720",10.38,22.83,5.48,1.747,24.03,290.60999999999996,288.13,80.5,18.81,16.76,15.53,14.64,87.6,80.5,0.0,114.0197,0.4104711,253.7,93062.33,930.8975,930.3761,0.058,0.592,2021,9,13,7,0
"2021-09-13 08:00:00",1623.0,"4720",10.44,29.4,5.62,1.945,30.16,293.46,288.15999999999997,64.26,21.86,18.67,15.66,14.31,80.7,64.19,0.0,377.2492,1.358097,495.7,93094.9,931.1672,930.828,0.233,1.476,2021,9,13,8,0
"2021-09-13 09:00:00",1624.0,"4720",10.97,33.46,6.39,2.314,41.29,296.0,288.13,57.61,24.0,21.62,15.43,14.62,65.11,57.55,0.0,595.3111,2.143122,686.9,93115.91,931.2534,930.9618,0.406,2.291,2021,9,13,9,0
"2021-09-13 10:00:00",1625.0,"4720",11.18,36.4,6.65,2.416,45.83,298.09999999999997,288.12,49.49,26.21,23.72,15.54,13.97,58.6,47.71,0.0,766.6465,2.759928,848.0,93099.75,931.2095,930.7388,0.552,2.938,2021,9,13,10,0
"2021-09-13 11:00:00",1626.0,"4720",11.45,37.4,6.49,2.407,51.64,299.81,287.32,44.92,27.59,25.95,15.17,13.14,50.66,42.24,0.0,815.1687,2.934605,1028.0,93043.12999999999,930.8231,929.9298,0.621,3.366,2021,9,13,11,0
"2021-09-13 12:00:00",1627.0,"4720",11.55,40.27,7.17,2.283,51.75,301.0,286.75,38.53,28.79,26.8,14.49,12.69,45.38,38.01,0.0,869.0758,3.128674,1044.0,92950.85,930.0258,929.0361,0.676,3.53,2021,9,13,12,0
"2021-09-13 13:00:00",1628.0,"4720",11.34,43.75,5.58,1.905,55.28,302.13,286.09,35.86,29.85,28.32,13.81,12.21,39.5,35.6,0.0,792.2334,2.852043,1012.0,92862.35,929.0642,928.1163,0.632,3.417,2021,9,13,13,0
"2021-09-13 14:00:00",1629.0,"4720",11.52,47.49,6.99,1.87,64.35,303.09999999999997,285.15,28.24,30.89,29.37,13.33,9.69,36.38,27.33,0.0,825.3524,2.971266,885.0,92768.4,928.2101,927.2621,0.655,3.039,2021,9,13,14,0
"2021-09-13 15:00:00",1630.0,"4720",11.1,48.67,6.58,1.825,40.22,303.64,283.77,27.98,31.34,29.3,11.89,9.38,32.21,26.81,0.0,636.6513,2.291947,786.4,92693.78,927.3293,926.6975,0.523,2.427,2021,9,13,15,0
"2021-09-13 16:00:00",1631.0,"4720",10.84,47.98,4.92,1.479,68.98,302.63,283.21,31.49,30.93,28.5,10.7,9.27,32.47,26.61,0.0,211.5681,0.761646,605.1,92692.64,927.0275,926.7778,0.235,1.622,2021,9,13,16,0
"2021-09-13 17:00:00",1632.0,"4720",10.69,40.67,5.0,1.436,73.56,301.41999999999996,283.03,32.72,28.88,27.59,10.64,9.4,32.84,29.92,0.0,86.79618,0.3124663,263.8,92706.16,927.2263,926.8553,0.137,0.722,2021,9,13,17,0
"2021-09-13 18:00:00",1633.0,"4720",10.61,36.51,4.8,1.374,68.53,300.02,283.97999999999996,39.04,27.74,26.07,11.81,9.68,39.78,32.72,0.0,14.15575,0.0509607,43.06,92743.43000000001,927.7482,927.1902,0.022,0.056,2021,9,13,18,0
"2021-09-13 19:00:00",1634.0,"4720",10.59,32.79,3.29,0.881,62.14,298.27,284.59,45.81,26.26,24.11,11.88,10.94,45.87,38.91,0.0,0.0,0.0,0.0,92803.5,928.2852,927.7241,0.03,0.0,2021,9,13,19,0
"2021-09-13 20:00:00",1635.0,"4720",10.55,29.69,1.49,0.587,347.1,296.25,284.9,50.85,24.23,22.47,11.99,11.63,50.98,45.74,0.0,0.0,0.0,0.0,92844.06999999999,928.6787,928.2391,0.014,0.0,2021,9,13,20,0
"2021-09-13 21:00:00",1636.0,"4720",10.55,27.11,1.08,0.453,326.4,295.28999999999996,285.15,54.21,22.64,21.74,12.37,11.78,54.7,50.76,0.0,0.0,0.0,0.0,92883.38,928.9995,928.6437,0.007,0.0,2021,9,13,21,0
"2021-09-13 22:00:00",1637.0,"4720",10.52,25.65,1.19,0.262,274.2,293.79999999999995,285.19,59.73,21.92,20.24,12.43,11.74,59.85,54.21,0.0,0.0,0.0,0.0,92905.06,929.1582,928.9451,-0.001,0.0,2021,9,13,22,0
"2021-09-13 23:00:00",1638.0,"4720",10.5,24.06,1.48,0.654,337.9,293.78999999999996,285.21999999999997,57.79,21.2,20.24,12.46,11.87,59.83,56.94,0.0,0.0,0.0,0.0,92906.01000000001,929.151,928.9503,0.012,0.0,2021,9,13,23,0
"2021-09-14 00:00:00",1639.0,"4720",10.47,23.86,1.51,0.486,322.7,293.60999999999996,285.26,60.36,20.88,20.1,12.53,11.91,60.9,57.21,0.0,0.0,0.0,0.0,92887.66,929.0251,928.7638,0.006,0.0,2021,9,14,0,0
"2021-09-14 01:00:00",1640.0,"4720",10.45,23.08,2.51,0.621,292.3,292.40999999999997,285.09999999999997,65.8,20.48,18.2,12.51,11.42,66.17,59.03,0.0,0.0,0.0,0.0,92850.09999999999,928.7843,928.3103,0.008,0.0,2021,9,14,1,0
"2021-09-14 02:00:00",1641.0,"4720",10.43,21.94,1.81,0.548,334.2,291.5,285.09,65.3,19.03,17.81,12.35,11.62,67.8,64.82,0.0,0.0,0.0,0.0,92817.96,928.3406,928.0378,0.005,0.0,2021,9,14,2,0
"2021-09-14 03:00:00",1642.0,"4720",10.41,21.54,1.39,0.64,329.6,292.02,285.03,62.35,19.29,18.6,12.23,11.65,65.53,62.35,0.0,0.0,0.0,0.0,92808.23000000001,928.2219,928.0511,0.008,0.0,2021,9,14,3,0
"2021-09-14 04:00:00",1643.0,"4720",10.4,21.82,2.83,0.938,2.608,292.10999999999996,284.73999999999995,62.68,19.43,18.73,11.87,11.48,62.94,61.24,0.0,0.0,0.0,0.0,92831.46,928.5771,928.087,0.016,0.0,2021,9,14,4,0
"2021-09-14 05:00:00",1644.0,"4720",10.37,22.03,3.39,1.246,16.27,292.16999999999996,284.89,63.33,19.43,18.6,12.08,11.45,63.57,62.15,0.0,0.0,0.0,0.0,92880.9,929.0449,928.5259,0.022,0.0,2021,9,14,5,0
"2021-09-14 06:00:00",1645.0,"4720",10.36,22.02,2.8,1.054,0.668,291.29999999999995,284.79999999999995,66.91,18.95,17.81,11.92,11.53,67.33,63.26,0.0,4.463729,0.01606941,24.28,92931.84999999999,929.5751,929.0052,0.017,0.033,2021,9,14,6,0
"2021-09-14 07:00:00",1646.0,"4720",10.38,24.21,4.49,1.232,1.81,292.37,285.39,57.08,21.23,17.88,12.77,11.69,67.45,57.08,0.0,"NAN","NAN","NAN",92983.98999999999,930.0189,929.5339,0.075,0.612,2021,9,14,7,0
"2021-09-14 08:00:00",1647.0,"4720",10.45,30.74,6.0,2.301,30.09,295.78,285.15999999999997,46.08,24.03,21.09,12.69,11.39,57.19,45.62,0.0,363.1112,1.307204,488.4,93020.97,930.5485,929.9506,0.274,1.509,2021,9,14,8,0
"2021-09-14 09:00:00",1648.0,"4720",10.96,35.32,6.03,2.366,46.19,298.13,285.08,42.38,25.97,23.78,12.42,11.52,46.45,41.71,0.0,584.3682,2.103727,680.8,93067.12,930.8672,930.448,0.446,2.332,2021,9,14,9,0
"2021-09-14 10:00:00",1649.0,"4720",11.16,37.4,6.58,2.451,51.64,299.7,285.17999999999995,36.97,27.68,25.75,12.53,11.54,42.67,36.96,0.0,752.6164,2.709416,837.0,93061.65999999999,930.9027,930.2671,0.582,2.983,2021,9,14,10,0
"2021-09-14 11:00:00",1650.0,"4720",11.97,38.19,7.75,2.547,46.14,301.03999999999996,284.38,35.07,28.53,27.2,12.24,10.67,38.16,33.83,0.0,889.8408,3.203423,923.0,92993.44,930.3861,929.5234,0.7,3.413,2021,9,14,11,0
"2021-09-14 12:00:00",1651.0,"4720",11.95,41.28,6.55,2.275,54.23,302.34,284.35999999999996,30.19,30.07,28.38,11.84,10.36,35.14,30.19,0.0,914.4609,3.29205,929.0,92887.27,929.586,928.2218,0.731,3.569,2021,9,14,12,0
"2021-09-14 13:00:00",1652.0,"4720",11.58,45.25,5.83,2.041,69.53,303.25,283.42999999999995,27.91,30.92,29.49,11.15,9.62,31.65,27.52,0.0,887.4727,3.194908,949.0,92772.67,928.3452,927.2643,0.717,3.457,2021,9,14,13,0
"2021-09-14 14:00:00",1653.0,"4720",11.39,47.53,7.0,1.855,61.85,304.01,283.14,27.85,31.46,30.48,10.6,9.35,28.47,26.35,0.0,767.1601,2.761773,920.0,92689.09999999999,927.3201,926.4416,0.631,3.067,2021,9,14,14,0
"2021-09-14 15:00:00",1654.0,"4720",11.32,48.27,5.79,1.854,66.62,304.21999999999997,283.2,27.72,31.97,30.55,10.56,9.6,28.45,25.5,0.0,607.5674,2.187242,718.1,92619.59000000001,926.5217,926.0178,0.514,2.437,2021,9,14,15,0
"2021-09-14 16:00:00",1655.0,"4720",11.46,47.77,6.06,1.841,53.73,303.90999999999997,283.15999999999997,27.39,31.31,30.41,10.64,9.47,28.56,26.87,0.0,396.4432,1.427192,517.1,92617.09,926.317,926.0305,0.354,1.626,2021,9,14,16,0
"2021-09-14 17:00:00",1656.0,"4720",11.11,45.59,5.3,1.607,43.95,303.04999999999995,282.56,29.08,30.66,29.1,9.88,9.04,29.2,27.06,0.0,156.7902,0.5644447,269.4,92624.3,926.4056,926.1341,0.168,0.726,2021,9,14,17,0
"2021-09-14 18:00:00",1657.0,"4720",10.64,40.84,3.99,1.219,23.2,300.59,282.09999999999997,33.7,29.24,25.88,9.55,8.68,33.91,28.95,0.0,"NAN","NAN","NAN",92659.83,926.7516,926.3456,0.039,0.056,2021,9,14,18,0
"2021-09-14 19:00:00",1658.0,"4720",10.61,33.76,1.36,0.527,336.1,297.76,281.89,39.88,26.06,23.58,9.42,8.56,40.06,33.63,0.0,0.0,0.0,0.0,92693.23000000001,927.2394,926.7021,-0.006,0.0,2021,9,14,19,0
"2021-09-14 20:00:00",1659.0,"4720",10.58,29.75,1.54,0.756,289.1,296.85999999999996,282.28,39.34,24.16,23.45,9.82,8.85,40.97,38.24,0.0,0.0,0.0,0.0,92744.67,927.713,927.2079,0.004,0.0,2021,9,14,20,0
"2021-09-14 21:00:00",1660.0,"4720",10.55,28.17,1.58,0.839,343.1,295.81,282.03999999999996,41.63,23.76,22.27,9.25,8.77,42.66,39.22,0.0,0.0,0.0,0.0,92801.53,928.2778,927.6888,0.007,0.0,2021,9,14,21,0
"2021-09-14 22:00:00",1661.0,"4720",10.52,26.51,2.05,0.578,283.5,294.03,282.31,46.58,22.78,20.17,9.57,8.9,49.18,41.57,0.0,0.0,0.0,0.0,92832.41,928.4662,928.2545,-0.007,0.0,2021,9,14,22,0
"2021-09-14 23:00:00",1662.0,"4720",10.49,25.3,2.56,0.872,307.9,294.63,282.22999999999996,44.69,21.98,20.96,9.41,8.9,46.93,43.78,0.0,0.0,0.0,0.0,92812.59999999999,928.2903,928.0591,0.006,0.0,2021,9,14,23,0
"2021-09-15 00:00:00",1663.0,"4720",10.49,24.92,3.17,1.036,301.7,294.28,282.08,47.4,21.71,20.37,9.2,8.79,47.61,44.63,0.0,0.0,0.0,0.0,92794.12,928.0932,927.7524,0.012,0.0,2021,9,15,0,0
"2021-09-15 01:00:00",1664.0,"4720",10.47,24.06,1.97,0.845,317.2,294.01,281.98999999999995,44.5,21.42,20.43,9.07,8.71,47.48,44.49,0.0,0.0,0.0,0.0,92748.82,927.7831,927.3168,0.005,0.0,2021,9,15,1,0
"2021-09-15 02:00:00",1665.0,"4720",10.45,23.8,1.56,0.718,339.7,293.73999999999995,281.91999999999996,48.6,21.52,19.78,9.1,8.58,48.71,44.43,0.0,0.0,0.0,0.0,92723.55,927.3512,927.1084,-0.001,0.0,2021,9,15,2,0
"2021-09-15 03:00:00",1666.0,"4720",10.44,22.83,2.88,0.892,344.8,292.76,281.91999999999996,50.1,20.21,19.25,9.13,8.54,50.47,48.53,0.0,0.0,0.0,0.0,92726.45999999999,927.3643,927.1329,0.004,0.0,2021,9,15,3,0
"2021-09-15 04:00:00",1667.0,"4720",10.41,22.67,4.01,1.304,18.95,292.83,282.79999999999995,58.5,20.27,19.32,11.19,8.86,58.58,48.86,0.0,0.0,0.0,0.0,92741.9,927.499,927.2301,0.015,0.0,2021,9,15,4,0
"2021-09-15 05:00:00",1668.0,"4720",10.39,22.47,3.39,1.199,15.3,291.78,283.85999999999996,61.56,19.5,17.75,11.51,10.27,61.75,58.5,0.0,0.0,0.0,0.0,92768.96,928.059,927.4508,0.007,0.0,2021,9,15,5,0
"2021-09-15 06:00:00",1669.0,"4720",10.36,21.48,3.32,0.86,1.125,290.4,283.35999999999996,62.15,17.86,16.83,10.54,10.02,64.73,61.56,0.0,4.601831,0.01656658,24.26,92845.7,928.9373,928.0279,-0.002,0.035,2021,9,15,6,0
"2021-09-15 07:00:00",1670.0,"4720",10.36,24.46,6.94,1.775,17.2,292.59999999999997,284.9,58.7,21.53,17.68,13.19,10.34,62.52,58.7,0.0,"NAN","NAN","NAN",92934.91,929.8445,928.8973,0.093,0.626,2021,9,15,7,0
"2021-09-15 08:00:00",1671.0,"4720",10.46,31.09,8.03,2.221,50.98,295.98999999999995,286.78999999999996,52.12,23.93,21.35,14.31,12.93,58.83,52.07,0.0,379.6821,1.366858,496.4,93011.65,930.3997,929.807,0.274,1.513,2021,9,15,8,0
"2021-09-15 09:00:00",1672.0,"4720",10.98,34.78,7.25,2.652,64.59,297.78,286.33,46.73,25.54,23.59,13.71,12.84,52.26,46.67,0.0,592.238,2.132059,681.3,93042.64,930.5261,930.2087,0.446,2.336,2021,9,15,9,0
"2021-09-15 10:00:00",1673.0,"4720",11.18,37.09,8.51,2.552,65.47,299.58,286.35999999999996,42.63,27.49,25.42,13.66,12.75,46.84,41.52,0.0,755.4084,2.71947,827.0,93010.75,930.4124,929.6909,0.58,2.985,2021,9,15,10,0
"2021-09-15 11:00:00",1674.0,"4720",11.93,38.13,7.35,2.74,67.45,301.06,286.08,38.27,28.81,27.0,13.65,12.07,42.88,37.55,0.0,882.6366,3.177493,912.0,92919.04,929.8012,928.5203,0.694,3.407,2021,9,15,11,0
"2021-09-15 12:00:00",1675.0,"4720",11.93,40.98,6.44,2.455,46.23,302.4,285.39,31.56,30.28,28.11,13.41,10.91,39.34,31.49,0.0,907.6633,3.267586,917.0,92776.03,928.5481,926.986,0.73,3.569,2021,9,15,12,0
"2021-09-15 13:00:00",1676.0,"4720",11.75,45.48,5.83,1.904,60.42,303.57,283.78,28.44,31.28,29.56,11.93,9.67,32.74,27.13,0.0,866.4864,3.119349,902.0,92649.29,927.0271,926.0056,0.703,3.462,2021,9,15,13,0
"2021-09-15 14:00:00",1677.0,"4720",11.71,47.67,5.35,1.789,49.55,304.42999999999995,283.85999999999996,27.98,31.85,30.49,11.42,10.22,29.93,27.39,0.0,759.7828,2.735225,822.0,92562.14,926.0318,925.1777,0.628,3.068,2021,9,15,14,0
"2021-09-15 15:00:00",1678.0,"4720",11.57,47.99,5.89,1.841,50.41,304.48999999999995,283.08,25.76,31.93,30.94,10.82,9.19,28.31,25.24,0.0,587.6242,2.115448,686.4,92507.8,925.2708,924.891,0.505,2.444,2021,9,15,15,0
"2021-09-15 16:00:00",1679.0,"4720",11.45,47.62,5.44,1.708,55.63,304.53,282.34999999999997,25.93,32.02,31.0,9.89,8.77,26.43,24.66,0.0,379.0742,1.364666,486.2,92483.4,924.9528,924.7678,0.344,1.635,2021,9,15,16,0
"2021-09-15 17:00:00",1680.0,"4720",11.08,45.75,5.56,1.685,52.67,303.46999999999997,282.41999999999996,28.37,31.54,29.55,9.73,8.98,28.57,25.31,0.0,156.6506,0.563942,267.0,92493.38,925.1836,924.7803,0.175,0.728,2021,9,15,17,0
"2021-09-15 18:00:00",1681.0,"4720",10.65,40.85,4.06,0.978,22.65,300.95,282.59999999999997,35.26,29.69,26.08,9.84,9.26,35.47,28.36,0.0,10.68019,0.03844871,51.91,92534.38,925.5231,925.1286,0.024,0.057,2021,9,15,18,0
"2021-09-15 19:00:00",1682.0,"4720",10.63,33.99,1.69,0.509,335.0,298.13,282.90999999999997,40.25,26.22,24.11,10.07,9.53,40.29,35.19,0.0,0.0,0.0,0.0,92563.65,925.9308,925.475,-0.005,0.0,2021,9,15,19,0
"2021-09-15 20:00:00",1683.0,"4720",10.57,29.74,1.13,0.573,314.8,296.87,283.08,43.34,24.29,23.25,10.42,9.66,43.43,40.14,0.0,0.0,0.0,0.0,92614.65,926.4222,925.8923,-0.003,0.0,2021,9,15,20,0
"2021-09-15 21:00:00",1684.0,"4720",10.55,27.7,1.44,0.469,299.6,295.57,283.34,46.91,23.37,21.88,10.62,9.97,47.07,43.26,0.0,0.0,0.0,0.0,92667.3,926.9061,926.3806,-0.009,0.0,2021,9,15,21,0
"2021-09-15 22:00:00",1685.0,"4720",10.53,26.04,0.75,0.318,346.2,294.65999999999997,283.34999999999997,50.23,22.06,21.02,10.53,9.97,50.42,46.84,0.0,0.0,0.0,0.0,92679.33,926.9066,926.6825,-0.016,0.0,2021,9,15,22,0
"2021-09-15 23:00:00",1686.0,"4720",10.49,24.5,1.09,0.402,339.5,293.79999999999995,283.44,51.86,21.29,20.17,10.61,10.13,52.76,49.58,0.0,0.0,0.0,0.0,92676.16,926.9371,926.5723,-0.013,0.0,2021,9,15,23,0
"2021-09-16 00:00:00",1687.0,"4720",10.46,23.41,1.12,0.576,344.4,293.48999999999995,283.34,52.18,20.74,20.04,10.45,10.02,52.99,51.2,0.0,0.0,0.0,0.0,92632.88,926.6034,925.9138,-0.006,0.0,2021,9,16,0,0
"2021-09-16 01:00:00",1688.0,"4720",10.45,23.0,1.31,0.598,329.7,293.60999999999996,283.57,52.12,21.02,20.17,10.77,10.16,53.34,51.53,0.0,0.0,0.0,0.0,92558.82,925.9379,925.2842,-0.005,0.0,2021,9,16,1,0
"2021-09-16 02:00:00",1689.0,"4720",10.45,23.07,1.47,0.59,329.3,293.51,283.94,55.05,20.87,19.91,11.17,10.48,55.54,52.12,0.0,0.0,0.0,0.0,92522.36,925.3155,925.1368,-0.006,0.0,2021,9,16,2,0
"2021-09-16 03:00:00",1690.0,"4720",10.43,22.57,1.37,0.582,340.6,292.40999999999997,283.71999999999997,59.48,20.09,18.6,10.93,10.36,59.79,54.66,0.0,0.0,0.0,0.0,92517.38,925.3177,925.0956,-0.007,0.0,2021,9,16,3,0
"2021-09-16 04:00:00",1691.0,"4720",10.41,21.59,1.32,0.674,342.3,291.2,284.0,65.08,18.75,17.61,11.64,10.24,65.59,59.55,0.0,0.0,0.0,0.0,92538.52,925.564,925.2749,-0.006,0.0,2021,9,16,4,0
"2021-09-16 05:00:00",1692.0,"4720",10.38,20.9,1.3,0.659,327.5,291.59999999999997,285.25,67.69,18.9,17.74,12.77,10.86,67.96,63.71,0.0,0.0,0.0,0.0,92589.47,926.4213,925.5391,-0.007,0.0,2021,9,16,5,0
"2021-09-16 06:00:00",1693.0,"4720",10.35,21.08,2.44,0.921,341.3,291.27,285.31,70.43,18.84,17.68,12.78,11.87,70.58,66.91,0.0,5.329905,0.01918764,25.37,92693.16,927.609,926.3989,0.0,0.038,2021,9,16,6,0
"2021-09-16 07:00:00",1694.0,"4720",10.37,24.71,3.79,1.15,3.33,292.79999999999995,286.66999999999996,62.63,21.8,17.74,14.46,12.26,71.32,62.62,0.0,114.1019,0.4107665,245.9,92804.49,928.5375,927.5811,0.074,0.634,2021,9,16,7,0
"2021-09-16 08:00:00",1695.0,"4720",10.48,30.98,6.1,1.901,36.5,295.78999999999996,287.62,58.07,24.16,21.62,15.18,14.16,62.85,56.05,0.0,356.6358,1.283892,479.4,92878.45,929.0583,928.4885,0.252,1.523,2021,9,16,8,0
"2021-09-16 09:00:00",1696.0,"4720",10.97,34.35,7.2,2.547,57.87,297.66999999999996,288.23999999999995,53.25,25.43,23.72,15.5,14.73,58.51,53.25,0.0,573.1675,2.063405,662.1,92907.05,929.2224,928.8921,0.422,2.334,2021,9,16,9,0
"2021-09-16 10:00:00",1697.0,"4720",11.16,37.09,6.61,2.485,64.46,299.52,288.21,47.33,27.34,25.29,15.65,14.42,53.52,46.15,0.0,740.2727,2.664983,824.0,92874.58,929.0499,928.3157,0.56,2.979,2021,9,16,10,0
"2021-09-16 11:00:00",1698.0,"4720",11.9,38.53,6.47,2.531,57.43,301.34,288.16999999999996,42.51,29.02,27.13,15.67,14.64,47.4,42.51,0.0,870.7827,3.134812,901.0,92795.43,928.4371,927.4064,0.678,3.395,2021,9,16,11,0
"2021-09-16 12:00:00",1699.0,"4720",11.88,41.61,8.29,2.334,59.62,303.02,287.78999999999996,36.11,30.98,28.7,15.41,13.58,43.12,35.48,0.0,898.2172,3.23359,909.0,92680.34,927.5175,926.0688,0.722,3.551,2021,9,16,12,0
"2021-09-16 13:00:00",1700.0,"4720",11.85,46.33,6.19,2.087,57.84,304.66999999999996,286.29999999999995,29.88,32.5,30.41,14.17,12.09,36.3,29.68,0.0,868.5498,3.126791,906.0,92556.62999999999,926.1307,925.1278,0.72,3.443,2021,9,16,13,0
"2021-09-16 14:00:00",1701.0,"4720",11.65,48.42,6.46,1.963,66.53,305.28999999999996,285.47999999999996,28.85,32.74,31.66,13.05,11.77,31.04,28.64,0.0,775.0045,2.790014,841.0,92479.42,925.262,924.3188,0.652,3.058,2021,9,16,14,0
"2021-09-16 15:00:00",1702.0,"4720",11.6,49.31,5.64,1.776,59.54,305.72999999999996,284.71999999999997,25.97,33.15,32.05,12.76,10.59,30.27,25.97,0.0,610.5221,2.197878,696.4,92404.74,924.4363,923.8025,0.523,2.435,2021,9,16,15,0
"2021-09-16 16:00:00",1703.0,"4720",11.46,49.3,4.88,1.601,47.44,305.76,284.91999999999996,30.2,33.23,32.18,12.76,10.83,30.4,25.9,0.0,398.2422,1.433675,518.2,92393.79000000001,924.0468,923.8269,0.352,1.623,2021,9,16,16,0
"2021-09-16 17:00:00",1704.0,"4720",11.08,47.8,4.83,1.505,47.04,304.78,285.91999999999996,33.26,32.33,30.87,13.22,12.29,33.43,29.88,0.0,167.2838,0.6022236,285.7,92404.88,924.1479,923.9708,0.167,0.72,2021,9,16,17,0
"2021-09-16 18:00:00",1705.0,"4720",10.64,43.0,3.27,0.7,10.83,302.39,285.85999999999996,40.32,30.99,27.38,13.03,12.48,40.4,33.06,0.0,12.10293,0.04357057,62.1,92433.13,924.6552,924.0959,-0.002,0.057,2021,9,16,18,0
"2021-09-16 19:00:00",1706.0,"4720",10.6,35.82,1.06,0.439,288.8,299.71,286.02,44.38,27.48,26.01,13.29,12.58,44.84,40.28,0.0,0.0,0.0,0.0,92490.08,925.1943,924.6077,-0.011,0.0,2021,9,16,19,0
"2021-09-16 20:00:00",1707.0,"4720",10.58,31.93,1.36,0.636,311.9,299.09999999999997,286.03,43.99,26.32,25.81,13.19,12.72,44.81,43.66,0.0,0.0,0.0,0.0,92542.19,925.6828,925.1625,-0.001,0.0,2021,9,16,20,0
"2021-09-16 21:00:00",1708.0,"4720",10.54,30.37,2.38,1.058,312.8,298.54999999999995,285.91999999999996,45.94,26.25,24.96,13.08,12.54,46.46,43.92,0.0,0.0,0.0,0.0,92576.23,925.9294,925.6628,0.016,0.0,2021,9,16,21,0
"2021-09-16 22:00:00",1709.0,"4720",10.53,29.35,2.84,1.066,270.7,297.21,285.83,53.89,25.37,22.34,13.0,12.46,54.04,45.88,0.0,0.0,0.0,0.0,92574.48000000001,925.8811,925.639,0.014,0.0,2021,9,16,22,0
"2021-09-16 23:00:00",1710.0,"4720",10.51,27.5,2.05,0.871,323.0,295.95,285.75,52.98,23.23,22.34,12.94,12.38,54.03,51.21,0.0,0.0,0.0,0.0,92557.09000000001,925.7097,925.4949,0.004,0.0,2021,9,16,23,0
"2021-09-17 00:00:00",1711.0,"4720",10.49,26.41,2.9,0.874,281.4,294.75,285.65999999999997,56.17,22.9,21.09,12.93,12.21,58.38,52.72,0.0,0.0,0.0,0.0,92534.03,925.6455,925.1078,0.002,0.0,2021,9,17,0,0
"2021-09-17 01:00:00",1712.0,"4720",10.46,25.55,3.05,1.252,300.5,295.16999999999996,285.76,54.8,22.52,21.55,12.9,12.41,56.48,54.15,0.0,0.0,0.0,0.0,92481.76,925.1448,924.3123,0.014,0.0,2021,9,17,1,0
"2021-09-17 02:00:00",1713.0,"4720",10.46,25.63,3.2,1.401,283.1,294.92999999999995,285.83,56.05,22.45,20.96,12.99,12.41,58.76,54.47,0.0,0.0,0.0,0.0,92408.51,924.3418,923.9849,0.017,0.0,2021,9,17,2,0
"2021-09-17 03:00:00",1714.0,"4720",10.42,25.2,3.11,1.483,283.8,294.97999999999996,285.9,57.73,22.25,21.29,13.03,12.57,57.94,55.58,0.0,0.0,0.0,0.0,92397.52,924.0625,923.8681,0.019,0.0,2021,9,17,3,0
"2021-09-17 04:00:00",1715.0,"4720",10.42,24.83,2.18,0.752,300.0,294.19,285.77,59.42,21.72,20.57,12.96,12.42,60.21,57.01,0.0,0.0,0.0,0.0,92396.51,924.1659,923.8563,-0.003,0.0,2021,9,17,4,0
"2021-09-17 05:00:00",1716.0,"4720",10.37,23.87,2.24,0.655,321.2,293.28,285.53999999999996,64.44,20.87,19.12,12.72,12.09,64.51,59.23,0.0,0.0,0.0,0.0,92437.59,924.7548,924.1338,-0.007,0.0,2021,9,17,5,0
"2021-09-17 06:00:00",1717.0,"4720",10.37,22.83,1.24,0.658,345.5,292.39,285.45,63.46,19.69,19.05,12.53,12.19,64.87,63.07,0.0,5.628897,0.02026401,27.07,92516.88,925.7069,924.724,-0.007,0.04,2021,9,17,6,0
"2021-09-17 07:00:00",1718.0,"4720",10.4,26.43,3.86,1.455,35.02,294.75,285.66999999999996,55.48,22.74,19.32,13.49,12.04,63.93,54.67,0.0,"NAN","NAN","NAN",92627.21,926.7788,925.6899,0.096,0.65,2021,9,17,7,0
"2021-09-17 08:00:00",1719.0,"4720",10.48,31.74,5.94,2.09,37.65,296.65,287.09,55.1,24.47,22.6,14.89,13.23,56.5,53.7,0.0,357.4614,1.286859,469.2,92706.81,927.3981,926.7513,0.268,1.54,2021,9,17,8,0
"2021-09-17 09:00:00",1720.0,"4720",10.95,35.83,7.08,2.542,42.98,298.72999999999996,288.9,53.19,26.88,24.31,16.65,14.66,56.15,52.33,0.0,575.8041,2.072894,676.5,92738.29,927.4879,927.2562,0.435,2.342,2021,9,17,9,0
"2021-09-17 10:00:00",1721.0,"4720",11.16,38.61,7.04,2.351,56.79,301.03,289.84999999999997,48.12,29.01,26.73,17.11,16.28,53.43,47.27,0.0,751.3167,2.704744,830.0,92713.92,927.4828,926.6378,0.58,2.975,2021,9,17,10,0
"2021-09-17 11:00:00",1722.0,"4720",11.83,40.45,6.4,2.296,43.71,303.01,289.23999999999995,40.1,31.11,28.7,17.03,15.24,48.3,38.93,0.0,883.5062,3.180621,920.0,92632.53,926.6932,925.7656,0.703,3.394,2021,9,17,11,0
"2021-09-17 12:00:00",1723.0,"4720",11.86,44.05,5.7,2.031,47.93,304.96,288.35999999999996,34.11,33.33,30.67,15.98,14.43,40.74,32.81,0.0,918.7228,3.307401,937.0,92530.26999999999,925.8387,924.6934,0.752,3.555,2021,9,17,12,0
"2021-09-17 13:00:00",1724.0,"4720",11.78,48.62,5.64,1.864,76.26,306.71999999999997,287.79999999999995,30.31,34.79,32.84,15.79,14.02,34.79,30.01,0.0,875.8735,3.153144,904.0,92411.7,924.7076,923.6132,0.737,3.435,2021,9,17,13,0
"2021-09-17 14:00:00",1725.0,"4720",11.63,50.89,4.71,1.795,74.47,307.64,287.04999999999995,28.32,35.18,34.02,14.83,12.8,31.38,27.08,0.0,772.6617,2.781587,838.0,92336.58,923.7078,923.0351,0.665,3.049,2021,9,17,14,0
"2021-09-17 15:00:00",1726.0,"4720",11.53,51.73,5.21,1.642,71.37,307.77,286.83,27.54,35.33,34.15,14.55,12.74,29.42,27.21,0.0,598.0983,2.153156,692.7,92300.71,923.1841,922.8885,0.523,2.422,2021,9,17,15,0
"2021-09-17 16:00:00",1727.0,"4720",11.38,51.42,4.53,1.426,75.37,307.84999999999997,286.23999999999995,27.14,35.49,34.08,13.77,12.48,27.95,26.36,0.0,377.3256,1.358371,487.7,92312.54000000001,923.3549,922.9706,0.341,1.618,2021,9,17,16,0
"2021-09-17 17:00:00",1728.0,"4720",10.97,49.32,4.34,1.31,58.95,306.64,285.79999999999995,30.27,34.4,32.44,13.07,12.34,30.32,26.95,0.0,149.4112,0.5378812,253.7,92353.53,923.7607,923.2897,0.158,0.723,2021,9,17,17,0
"2021-09-17 18:00:00",1729.0,"4720",10.65,44.11,6.72,1.264,130.5,304.10999999999996,286.87,46.29,32.59,29.16,16.62,12.73,46.34,30.2,0.0,11.55628,0.04160259,56.1,92414.01,924.7235,923.7319,0.04,0.057,2021,9,17,18,0
"2021-09-17 19:00:00",1730.0,"4720",10.61,37.34,6.07,1.887,198.5,300.81,289.90999999999997,54.89,29.24,26.79,17.16,16.39,55.1,46.29,0.0,0.0,0.0,0.0,92519.67,925.6266,924.6637,0.044,0.0,2021,9,17,19,0
"2021-09-17 20:00:00",1731.0,"4720",10.58,33.24,6.74,2.0,202.8,299.25,290.91999999999996,65.25,26.98,25.48,18.66,16.94,65.45,54.88,0.0,0.0,0.0,0.0,92589.94,926.371,925.5723,0.035,0.0,2021,9,17,20,0
"2021-09-17 21:00:00",1732.0,"4720",10.55,31.2,7.51,3.313,190.3,297.85999999999996,291.95,74.82,25.66,23.65,19.15,18.5,74.87,65.24,0.0,0.0,0.0,0.0,92682.81,927.2826,926.2191,0.04,0.0,2021,9,17,21,0
"2021-09-17 22:00:00",1733.0,"4720",10.53,29.57,8.99,4.088,189.5,296.10999999999996,292.40999999999997,82.0,23.79,22.6,19.62,18.93,82.1,74.82,0.0,0.0,0.0,0.0,92742.31,927.6598,927.1356,0.026,0.0,2021,9,17,22,0
"2021-09-17 23:00:00",1734.0,"4720",10.51,28.39,8.25,3.939,190.7,295.39,292.42999999999995,84.1,22.77,21.88,19.6,19.07,84.4,81.9,0.0,0.0,0.0,0.0,92767.25,927.835,927.4213,0.018,0.0,2021,9,17,23,0
"2021-09-18 00:00:00",1735.0,"4720",10.48,27.59,8.94,4.349,189.4,294.67999999999995,291.94,83.5,22.06,21.22,19.25,18.33,85.2,83.4,0.0,0.0001808625,6.51105e-07,0.072,92772.09,927.8892,927.3215,0.018,0.0,2021,9,18,0,0
"2021-09-18 01:00:00",1736.0,"4720",10.48,26.77,9.52,4.606,188.0,294.01,291.17999999999995,83.9,21.34,20.57,18.45,17.75,84.3,83.3,0.0,0.0002935464,1.056767e-06,0.089,92741.29000000001,927.5931,926.9773,0.019,0.0,2021,9,18,1,0
"2021-09-18 02:00:00",1737.0,"4720",10.44,26.12,9.42,4.634,187.7,293.57,291.0,87.2,20.74,20.11,18.09,17.72,87.3,83.9,0.0,8.522316e-06,3.068034e-08,0.014,92735.06999999999,927.5238,927.0776,0.016,0.0,2021,9,18,2,0
"2021-09-18 03:00:00",1738.0,"4720",10.43,25.48,8.79,4.259,186.5,293.33,290.95,86.5,20.48,20.04,18.09,17.68,87.3,85.2,0.0,0.0,0.0,0.0,92749.41,927.6826,927.1194,0.013,0.0,2021,9,18,3,0
"2021-09-18 04:00:00",1739.0,"4720",10.42,25.29,8.73,4.349,186.7,292.84999999999997,291.22999999999996,90.7,20.22,19.52,18.41,17.71,92.0,86.5,0.0,0.0,0.0,0.0,92764.97,927.978,927.3411,0.006,0.0,2021,9,18,4,0
"2021-09-18 05:00:00",1740.0,"4720",10.39,24.8,9.31,3.988,186.1,292.62,290.98999999999995,88.2,19.85,19.38,18.16,17.58,91.1,88.1,0.0,0.0,0.0,0.0,92851.01,929.2035,927.7673,0.005,0.0,2021,9,18,5,0
"2021-09-18 06:00:00",1741.0,"4720",10.38,24.63,9.54,4.171,187.3,292.66999999999996,290.91999999999996,90.8,20.09,19.25,18.15,17.63,91.1,87.1,0.0,2.206178,0.007942243,21.86,92959.83,930.1165,929.0486,0.007,0.043,2021,9,18,6,0
"2021-09-18 07:00:00",1742.0,"4720",10.39,25.0,9.76,4.286,185.6,292.69,290.91999999999996,88.9,19.84,19.32,18.03,17.55,90.9,88.0,0.0,"NAN","NAN","NAN",93050.08,931.1548,929.8408,0.052,0.648,2021,9,18,7,0
"2021-09-18 08:00:00",1743.0,"4720",10.39,26.28,9.1,3.845,184.8,293.03999999999996,290.97999999999996,85.3,20.61,19.45,18.13,17.63,90.4,84.8,0.0,118.3552,0.4260783,387.7,93147.14,931.932,930.938,0.097,1.529,2021,9,18,8,0
"2021-09-18 09:00:00",1744.0,"4720",10.74,28.84,9.21,4.034,186.3,294.21999999999997,290.85999999999996,73.51,22.48,20.3,18.22,17.38,85.5,73.45,0.0,280.8515,1.011066,676.8,93217.07,932.4123,931.693,0.203,2.338,2021,9,18,9,0
"2021-09-18 10:00:00",1745.0,"4720",11.0,30.7,9.16,4.043,190.1,295.37,290.89,73.06,23.23,21.56,18.24,17.08,79.19,71.69,0.0,421.166,1.5162,865.0,93234.58,932.5868,931.8849,0.302,2.976,2021,9,18,10,0
"2021-09-18 11:00:00",1746.0,"4720",11.13,32.11,8.73,4.29,183.0,296.03999999999996,290.01,66.35,23.86,22.15,17.73,16.08,75.25,64.13,0.0,447.6517,1.611546,977.0,93200.13,932.3198,931.5288,0.345,3.397,2021,9,18,11,0
"2021-09-18 12:00:00",1747.0,"4720",11.15,33.38,9.44,4.061,185.1,296.79999999999995,289.42999999999995,57.16,24.72,22.8,16.96,15.1,67.96,56.18,0.0,462.7719,1.66598,746.4,93122.2,931.7452,930.6743,0.376,3.552,2021,9,18,12,0
"2021-09-18 13:00:00",1748.0,"4720",11.5,34.08,8.36,4.127,180.8,297.72999999999996,289.14,59.12,25.31,24.18,16.78,15.1,60.41,56.83,0.0,429.6712,1.546813,688.1,93038.41,930.8295,929.9637,0.379,3.427,2021,9,18,13,0
"2021-09-18 14:00:00",1749.0,"4720",11.26,34.04,8.45,3.637,193.4,296.94,289.65999999999997,66.87,25.14,23.26,17.37,15.91,67.44,58.27,0.0,288.4914,1.038569,567.6,93015.86,930.308,929.9142,0.274,3.027,2021,9,18,14,0
"2021-09-18 15:00:00",1750.0,"4720",11.28,33.19,7.0,2.948,191.1,296.58,290.39,70.65,23.98,23.0,17.77,16.6,70.96,65.7,0.0,274.1117,0.9868028,549.9,92980.39,930.1006,929.6227,0.237,2.394,2021,9,18,15,0
"2021-09-18 16:00:00",1751.0,"4720",11.3,32.08,7.48,3.07,194.4,295.71,290.28999999999996,73.58,23.31,21.88,17.77,16.75,73.64,68.89,0.0,242.6489,0.8735358,344.8,92986.23999999999,930.0417,929.5497,0.198,1.595,2021,9,18,16,0
"2021-09-18 17:00:00",1752.0,"4720",10.66,31.46,8.42,3.203,194.4,294.06,290.17999999999995,83.1,22.06,20.11,17.32,16.74,83.2,73.64,0.0,"NAN","NAN","NAN",93027.63,930.5192,929.7826,0.087,0.711,2021,9,18,17,0
"2021-09-18 18:00:00",1753.0,"4720",10.63,27.63,9.0,3.303,194.4,292.59999999999997,290.10999999999996,87.4,20.28,18.86,17.35,16.73,87.6,83.0,0.0,3.734887,0.01344561,16.44,93069.59000000001,931.0365,930.2711,0.036,0.058,2021,9,18,18,0
"2021-09-18 19:00:00",1754.0,"4720",10.6,25.39,7.61,3.094,193.3,291.95,290.03,90.3,19.05,18.53,17.16,16.73,90.4,87.4,0.0,0.0,0.0,0.0,93117.18,931.4462,930.8231,0.01,0.0,2021,9,18,19,0
"2021-09-18 20:00:00",1755.0,"4720",10.58,24.51,6.84,2.772,191.2,291.60999999999996,290.0,90.5,18.71,18.4,17.14,16.74,90.8,89.7,0.0,0.0,0.0,0.0,93160.79,931.9628,931.2274,0.006,0.0,2021,9,18,20,0
"2021-09-18 21:00:00",1756.0,"4720",10.56,24.15,7.55,3.499,188.8,291.09999999999997,289.81,94.4,18.65,17.42,17.15,16.39,94.5,90.4,0.0,0.01949906,7.019658e-05,0.276,93217.79000000001,932.5379,931.7835,0.006,0.0,2021,9,18,21,0
"2021-09-18 22:00:00",1757.0,"4720",10.55,23.11,9.42,3.783,186.5,290.08,289.08,89.6,17.58,16.37,16.7,14.67,95.0,89.6,0.0,0.1439021,0.0005180476,0.937,93256.1,932.7593,932.2889,0.004,0.0,2021,9,18,22,0
"2021-09-18 23:00:00",1758.0,"4720",10.51,22.03,8.43,3.546,188.9,289.62,287.53999999999996,88.1,16.68,16.3,14.84,14.14,89.6,86.5,0.0,0.01520381,5.473371e-05,0.498,93261.48,932.8085,932.3203,0.011,0.0,2021,9,18,23,0
"2021-09-19 00:00:00",1759.0,"4720",10.48,21.68,8.12,3.972,188.5,289.41999999999996,287.54999999999995,88.6,16.53,16.17,14.64,14.29,89.4,88.0,0.0,0.0,0.0,0.0,93216.58,932.5457,931.7575,0.011,0.0,2021,9,19,0,0
"2021-09-19 01:00:00",1760.0,"4720",10.46,21.18,8.96,3.479,189.8,289.25,287.40999999999997,86.6,16.54,15.38,14.89,13.16,91.0,86.5,0.0,0.00126509,4.554326e-06,0.222,93165.59,931.9424,931.2797,0.009,0.0,2021,9,19,1,0
"2021-09-19 02:00:00",1761.0,"4720",10.42,20.75,8.38,3.187,190.2,288.5,286.33,88.5,15.56,15.19,13.54,12.9,88.7,85.1,0.0,0.0,0.0,0.0,93148.28,931.6301,931.2267,0.01,0.0,2021,9,19,2,0
"2021-09-19 03:00:00",1762.0,"4720",10.41,20.42,8.26,3.372,190.5,288.03,286.34,88.7,15.36,14.53,13.55,12.7,90.3,88.5,0.0,0.0,0.0,0.0,93130.62,931.6304,930.953,0.007,0.0,2021,9,19,3,0
"2021-09-19 04:00:00",1763.0,"4720",10.37,19.26,5.4,2.034,195.5,287.85999999999996,285.84,86.8,15.1,14.59,13.0,12.46,89.0,86.3,0.0,0.0,0.0,0.0,93103.52,931.2546,930.9043,0.004,0.0,2021,9,19,4,0
"2021-09-19 05:00:00",1764.0,"4720",10.35,19.89,5.24,1.649,199.8,288.45,286.15,87.1,15.63,14.92,13.5,12.75,87.2,85.0,0.0,0.0,0.0,0.0,93109.83,931.5099,930.8103,0.004,0.0,2021,9,19,5,0
"2021-09-19 06:00:00",1765.0,"4720",10.32,20.3,5.41,2.287,190.6,288.65999999999997,286.75,89.6,15.76,15.38,14.01,13.3,89.9,86.7,0.0,7.466827,0.02688056,32.89,93185.0,932.2146,931.4521,0.007,0.046,2021,9,19,6,0
"2021-09-19 07:00:00",1766.0,"4720",10.36,21.75,7.8,3.203,188.2,289.14,287.28,87.4,16.74,15.51,14.72,13.77,89.8,87.2,0.0,91.02956,0.3277066,202.4,93248.65,932.95,932.1247,0.057,0.671,2021,9,19,7,0
"2021-09-19 08:00:00",1767.0,"4720",10.4,22.25,6.31,2.792,181.8,289.47999999999996,287.91999999999996,94.7,16.84,15.97,15.88,14.43,95.2,87.1,0.0,92.95491,0.3346374,682.5,93319.41,933.4716,932.8756,0.069,1.563,2021,9,19,8,0
"2021-09-19 09:00:00",1768.0,"4720",10.63,22.19,8.08,3.085,186.6,289.28999999999996,288.10999999999996,90.1,16.71,15.78,15.8,14.47,94.7,90.0,0.0,118.4532,0.4264319,319.2,93371.33,933.9957,933.3335,0.078,2.378,2021,9,19,9,0
"2021-09-19 10:00:00",1769.0,"4720",10.81,25.63,8.69,3.814,184.9,290.56,287.46999999999997,70.24,19.14,16.3,14.94,13.51,90.2,70.24,0.0,342.8,1.23408,1173.0,93392.24,934.0411,933.649,0.214,3.027,2021,9,19,10,0
"2021-09-19 11:00:00",1770.0,"4720",11.2,30.89,9.16,4.054,183.9,293.75,286.2,55.66,22.07,19.05,14.02,12.41,70.24,55.39,0.0,841.2645,3.028555,1302.0,93333.37,933.8815,932.7069,0.536,3.455,2021,9,19,11,0
"2021-09-19 12:00:00",1771.0,"4720",11.26,33.4,8.46,3.459,192.3,295.34999999999997,286.23999999999995,54.61,23.02,21.43,14.05,11.71,61.33,52.0,0.0,815.1266,2.934452,1303.0,93226.36,932.8347,931.5787,0.56,3.602,2021,9,19,12,0
"2021-09-19 13:00:00",1772.0,"4720",11.45,36.69,8.38,3.535,191.4,296.06,286.04999999999995,50.9,24.11,21.89,13.5,12.29,56.22,49.72,0.0,879.7817,3.167217,1272.0,93122.26000000001,931.8014,930.6851,0.609,3.473,2021,9,19,13,0
"2021-09-19 14:00:00",1773.0,"4720",11.47,39.75,7.52,3.158,194.1,297.15,285.85999999999996,50.2,25.29,23.46,13.5,12.1,51.94,46.02,0.0,786.4379,2.831178,1125.0,93048.73999999999,930.9013,930.0957,0.571,3.076,2021,9,19,14,0
"2021-09-19 15:00:00",1774.0,"4720",11.17,41.0,8.78,3.411,192.1,296.90999999999997,285.63,53.5,25.55,21.89,13.17,11.79,54.08,44.78,0.0,522.794,1.88206,866.0,92977.59999999999,930.2493,929.4266,0.419,2.443,2021,9,19,15,0
"2021-09-19 16:00:00",1775.0,"4720",11.53,37.91,7.74,3.335,190.3,296.39,285.52,50.83,24.3,22.08,12.86,11.75,53.69,47.97,0.0,439.5374,1.582335,561.8,92954.07,929.7008,929.2626,0.341,1.63,2021,9,19,16,0
"2021-09-19 17:00:00",1776.0,"4720",11.27,37.14,7.23,3.041,190.7,295.52,285.28,54.81,23.14,21.49,12.58,11.74,54.92,50.57,0.0,191.6941,0.6900986,328.9,92957.24,929.6909,929.3358,0.174,0.728,2021,9,19,17,0
"2021-09-19 18:00:00",1777.0,"4720",10.64,33.56,5.96,2.037,199.2,293.54999999999995,285.01,61.06,21.67,19.45,12.26,11.64,61.19,54.67,0.0,15.182,0.05465523,74.13,92975.35,930.0116,929.4901,0.021,0.058,2021,9,19,18,0
"2021-09-19 19:00:00",1778.0,"4720",10.61,27.14,3.67,1.21,207.0,292.22999999999996,284.97999999999996,64.89,19.69,18.53,12.12,11.68,65.05,60.85,0.0,0.0,0.0,0.0,93023.42,930.5142,929.9703,0.003,0.0,2021,9,19,19,0
"2021-09-19 20:00:00",1779.0,"4720",10.58,24.5,3.34,1.412,197.4,291.19,285.0,69.26,18.71,17.55,12.13,11.7,69.41,64.7,0.0,0.0,0.0,0.0,93068.93,930.8776,930.4644,0.004,0.0,2021,9,19,20,0
"2021-09-19 21:00:00",1780.0,"4720",10.55,22.78,3.87,1.366,199.8,290.64,285.12,70.23,17.78,17.41,12.19,11.87,70.61,69.25,0.0,0.0,0.0,0.0,93092.89,931.0256,930.814,0.001,0.0,2021,9,19,21,0
"2021-09-19 22:00:00",1781.0,"4720",10.53,21.78,3.81,1.362,196.1,290.32,285.14,71.34,17.66,17.02,12.22,11.87,72.22,70.1,0.0,0.0,0.0,0.0,93104.39,931.1699,930.9838,-0.001,0.0,2021,9,19,22,0
"2021-09-19 23:00:00",1782.0,"4720",10.51,20.88,5.74,1.507,200.3,290.08,285.10999999999996,75.64,17.46,16.11,12.2,11.79,75.76,70.95,0.0,0.0,0.0,0.0,93104.1,931.1603,930.8177,0.001,0.0,2021,9,19,23,0
"2021-09-20 00:00:00",1783.0,"4720",10.5,20.34,4.1,1.788,195.0,288.28999999999996,284.69,81.2,16.26,14.4,12.01,11.23,81.4,75.64,0.0,0.0,0.0,0.0,93073.83,930.9551,930.4478,-0.001,0.0,2021,9,20,0,0
"2021-09-20 01:00:00",1784.0,"4720",10.47,18.83,3.82,1.337,210.7,287.19,284.08,80.7,14.53,13.81,11.44,10.54,82.1,80.6,0.0,0.0,0.0,0.0,93017.7,930.5166,929.7955,-0.008,0.0,2021,9,20,1,0
"2021-09-20 02:00:00",1785.0,"4720",10.46,17.74,4.97,1.459,211.7,286.82,283.35999999999996,79.13,13.94,13.54,10.66,9.95,80.7,78.82,0.0,0.0,0.0,0.0,92960.11,929.851,929.3459,-0.005,0.0,2021,9,20,2,0
"2021-09-20 03:00:00",1786.0,"4720",10.43,17.27,4.77,1.36,216.1,286.59999999999997,282.91999999999996,77.19,13.71,13.35,10.17,9.49,79.61,77.19,0.0,0.0,0.0,0.0,92926.68,929.4236,929.1151,-0.006,0.0,2021,9,20,3,0
"2021-09-20 04:00:00",1787.0,"4720",10.39,16.82,3.92,1.129,220.0,286.47999999999996,282.33,75.04,13.65,13.15,9.68,8.86,77.33,74.97,0.0,0.0,0.0,0.0,92903.92,929.1826,928.8839,-0.008,0.0,2021,9,20,4,0
"2021-09-20 05:00:00",1788.0,"4720",10.38,16.38,3.07,1.024,217.0,286.38,282.03,75.23,13.52,13.02,9.13,8.71,75.37,74.26,0.0,0.0,0.0,0.0,92897.63,929.2155,928.8549,-0.009,0.0,2021,9,20,5,0
"2021-09-20 06:00:00",1789.0,"4720",10.34,16.07,2.28,0.769,250.6,286.0,281.91999999999996,75.37,13.32,12.56,9.12,8.6,77.28,75.23,0.0,9.618883,0.03462795,60.39,92944.26,929.798,929.1749,-0.011,0.049,2021,9,20,6,0
"2021-09-20 07:00:00",1790.0,"4720",10.35,20.0,2.85,1.321,278.3,287.31,282.44,67.3,15.94,13.15,10.08,8.86,75.49,67.17,0.0,153.8935,0.5540164,330.8,93007.65,930.3392,929.7664,0.074,0.697,2021,9,20,7,0
"2021-09-20 08:00:00",1791.0,"4720",10.39,29.64,3.36,1.004,228.0,291.19,283.75,57.47,19.52,15.79,11.45,9.76,67.48,57.15,0.0,459.0766,1.652674,586.2,93059.69,930.9808,930.2919,0.262,1.604,2021,9,20,8,0
"2021-09-20 09:00:00",1792.0,"4720",11.0,32.53,5.58,1.918,181.8,293.19,283.7,49.94,21.44,19.14,11.16,10.02,58.3,49.94,0.0,689.1692,2.481005,783.4,93103.14,931.1503,930.9211,0.438,2.431,2021,9,20,9,0
"2021-09-20 10:00:00",1793.0,"4720",11.2,34.4,4.81,1.835,175.6,294.91999999999996,283.16999999999996,44.12,22.71,20.64,10.63,9.44,51.48,43.4,0.0,856.5124,3.083443,930.0,93079.81,931.0201,930.4781,0.571,3.086,2021,9,20,10,0
"2021-09-20 11:00:00",1794.0,"4720",11.92,36.22,5.22,1.599,190.7,296.85999999999996,282.67999999999995,35.92,25.04,22.35,10.64,8.17,45.2,35.84,0.0,978.3494,3.522059,1020.0,93010.43,930.5105,929.6223,0.679,3.507,2021,9,20,11,0
"2021-09-20 12:00:00",1795.0,"4720",11.89,39.21,4.32,1.537,220.2,298.59999999999997,281.65999999999997,31.29,26.84,24.05,9.89,7.515,37.72,31.29,0.0,1006.577,3.623678,1020.0,92905.18,929.6885,928.4495,0.724,3.666,2021,9,20,12,0
"2021-09-20 13:00:00",1796.0,"4720",11.79,44.1,4.51,1.529,191.1,299.87,280.60299999999995,28.69,27.4,25.63,8.31,6.682,31.91,27.77,0.0,959.7093,3.45495,997.0,92802.93000000001,928.5041,927.6725,0.709,3.543,2021,9,20,13,0
"2021-09-20 14:00:00",1797.0,"4720",11.68,46.52,5.23,1.822,169.1,300.67999999999995,280.645,28.3,28.24,26.81,8.46,6.289,30.76,25.95,0.0,834.7019,3.004926,907.0,92734.74,927.7103,927.0348,0.64,3.135,2021,9,20,14,0
"2021-09-20 15:00:00",1798.0,"4720",11.6,47.4,4.74,1.857,176.7,301.46999999999997,280.44199999999995,26.54,29.06,27.53,8.15,5.713,28.78,23.6,0.0,642.8872,2.314399,746.3,92683.48,927.0676,926.6522,0.515,2.492,2021,9,20,15,0
"2021-09-20 16:00:00",1799.0,"4720",11.28,47.37,5.62,1.757,177.9,301.56,280.316,26.15,29.14,27.99,8.0,6.474,27.77,24.26,0.0,429.4082,1.545869,543.2,92662.90000000001,926.7661,926.5077,0.355,1.665,2021,9,20,16,0
"2021-09-20 17:00:00",1800.0,"4720",11.18,45.62,4.75,1.739,179.0,300.85999999999996,280.67199999999997,29.46,28.69,26.74,7.979,6.792,29.74,25.82,0.0,189.8279,0.6833821,312.8,92665.54,926.7739,926.4993,0.176,0.744,2021,9,20,17,0
"2021-09-20 18:00:00",1801.0,"4720",10.64,40.63,5.11,1.894,177.8,298.22999999999996,280.277,32.06,26.91,23.85,8.15,6.057,33.04,29.46,0.0,14.48605,0.05214984,74.45,92706.47,927.3398,926.7251,0.054,0.058,2021,9,20,18,0
"2021-09-20 19:00:00",1802.0,"4720",10.63,31.99,3.21,1.078,192.8,295.63,278.856,35.76,24.0,21.35,6.443,5.325,35.85,32.05,0.0,0.0,0.0,0.0,92771.28,928.1967,927.3091,0.018,0.0,2021,9,20,19,0
"2021-09-20 20:00:00",1803.0,"4720",10.57,27.84,2.87,0.909,194.7,294.29999999999995,279.17199999999997,37.98,21.54,20.96,6.483,5.539,38.32,35.69,0.0,0.0,0.0,0.0,92835.6,928.575,928.1638,0.008,0.0,2021,9,20,20,0
"2021-09-20 21:00:00",1804.0,"4720",10.17,25.63,2.59,0.77,207.6,293.81,279.611,40.84,21.33,20.24,7.015,6.214,41.58,37.97,0.0,0.0,0.0,0.0,92878.58,929.0904,928.4922,0.001,0.0,2021,9,20,21,0
"2021-09-20 22:00:00",1805.0,"4720",10.5,24.1,2.61,1.044,272.2,293.34,280.221,44.42,20.74,19.65,7.524,6.7,44.6,40.77,0.0,0.0,0.0,0.0,92905.0,929.1298,928.9885,0.011,0.0,2021,9,20,22,0
"2021-09-20 23:00:00",1806.0,"4720",10.49,23.28,2.81,1.27,296.9,292.37,280.476,47.42,19.87,18.66,7.594,7.195,47.65,44.36,0.0,0.0,0.0,0.0,92883.06,929.0383,928.7429,0.016,0.0,2021,9,20,23,0
"2021-09-21 00:00:00",1807.0,"4720",10.47,22.33,2.79,1.509,295.6,291.76,280.416,48.13,18.97,18.33,7.492,7.113,48.36,46.9,0.0,0.0,0.0,0.0,92859.34,928.8564,928.3308,0.021,0.0,2021,9,21,0,0
"2021-09-21 01:00:00",1808.0,"4720",10.44,21.79,1.9,0.935,297.7,291.09999999999997,280.27599999999995,49.66,18.51,17.54,7.396,6.966,50.33,48.07,0.0,0.0,0.0,0.0,92807.76,928.3639,927.8267,0.003,0.0,2021,9,21,1,0
"2021-09-21 02:00:00",1809.0,"4720",10.4,20.64,1.88,0.621,302.2,289.21,279.914,55.1,17.83,14.86,7.232,6.249,57.96,49.56,0.0,0.0,0.0,0.0,92761.83,927.8569,927.3934,-0.01,0.0,2021,9,21,2,0
"2021-09-21 03:00:00",1810.0,"4720",10.38,18.94,2.03,0.756,330.8,288.90999999999997,280.018,56.34,16.18,15.38,7.6,6.649,57.83,54.32,0.0,0.0,0.0,0.0,92725.09,927.4487,926.9978,-0.006,0.0,2021,9,21,3,0
"2021-09-21 04:00:00",1811.0,"4720",10.36,19.07,2.91,0.747,348.4,289.48999999999995,280.757,53.48,17.46,15.64,8.01,7.275,58.23,53.41,0.0,0.0,0.0,0.0,92693.73000000001,927.0417,926.8227,-0.006,0.0,2021,9,21,4,0
"2021-09-21 05:00:00",1812.0,"4720",10.34,19.92,3.02,1.097,4.945,290.48999999999995,280.85999999999996,53.22,17.72,17.15,7.96,7.593,53.63,52.5,0.0,0.0,0.0,0.0,92716.87,927.4319,926.9862,0.006,0.0,2021,9,21,5,0
"2021-09-21 06:00:00",1813.0,"4720",10.33,19.96,2.98,0.971,354.9,290.10999999999996,280.79699999999997,54.78,17.46,16.56,7.935,7.542,55.51,52.95,0.0,8.753794,0.03151366,50.83,92793.19,928.3533,927.4045,0.004,0.051,2021,9,21,6,0
"2021-09-21 07:00:00",1814.0,"4720",10.36,23.8,3.53,1.071,354.7,291.63,281.42999999999995,46.36,20.67,16.89,8.88,7.75,55.09,46.19,0.0,138.0358,0.4969288,293.5,92870.47,929.1989,928.3029,0.091,0.713,2021,9,21,7,0
"2021-09-21 08:00:00",1815.0,"4720",10.41,30.72,5.34,1.929,35.39,294.95,282.03999999999996,41.71,23.05,20.51,9.46,8.31,46.45,41.38,0.0,416.0396,1.497743,533.7,92958.66,930.0226,929.1693,0.297,1.628,2021,9,21,8,0
"2021-09-21 09:00:00",1816.0,"4720",10.96,34.55,6.82,2.33,48.7,297.06,282.71,38.65,25.36,22.87,10.36,9.16,42.15,37.73,0.0,636.2198,2.290395,726.3,93016.78,930.3247,929.935,0.471,2.453,2021,9,21,9,0
"2021-09-21 10:00:00",1817.0,"4720",11.14,36.57,6.23,2.306,59.85,299.22999999999996,283.96,38.59,27.28,25.23,12.24,9.75,40.38,36.43,0.0,800.7577,2.882721,872.0,93012.78,930.3513,929.9425,0.607,3.091,2021,9,21,10,0
"2021-09-21 11:00:00",1818.0,"4720",11.91,38.04,6.88,2.388,64.51,300.77,285.41999999999996,37.9,28.55,26.93,13.07,11.65,40.47,36.83,0.0,915.2821,3.295017,948.0,92966.07,930.0146,929.2343,0.706,3.488,2021,9,21,11,0
"2021-09-21 12:00:00",1819.0,"4720",11.86,41.07,7.39,2.107,51.88,302.31,284.71,29.81,30.46,28.18,12.91,10.0,38.31,29.41,0.0,941.4894,3.389358,958.0,92875.56,929.2927,928.1669,0.743,3.641,2021,9,21,12,0
"2021-09-21 13:00:00",1820.0,"4720",11.82,46.5,5.92,1.517,83.4,303.88,282.52,24.33,31.8,29.76,10.84,8.38,29.87,24.07,0.0,895.7811,3.224806,940.0,92769.34999999999,928.2178,927.1965,0.713,3.53,2021,9,21,13,0
"2021-09-21 14:00:00",1821.0,"4720",11.65,49.48,4.7,1.635,105.4,304.96999999999997,281.94,25.32,32.68,31.27,10.34,7.646,26.73,22.51,0.0,779.382,2.805773,847.0,92687.18000000001,927.2313,926.4652,0.642,3.129,2021,9,21,14,0
"2021-09-21 15:00:00",1822.0,"4720",11.54,49.79,4.71,1.693,114.4,305.34999999999997,282.58,24.14,32.95,31.73,10.33,8.58,26.19,22.96,0.0,592.0881,2.131516,705.6,92636.45,926.5728,926.1838,0.509,2.479,2021,9,21,15,0
"2021-09-21 16:00:00",1823.0,"4720",11.34,49.69,6.24,1.452,93.4,305.26,282.7,25.96,32.78,31.53,10.28,8.68,26.65,23.36,0.0,374.5065,1.348226,486.2,92632.26,926.4664,926.1844,0.331,1.654,2021,9,21,16,0
"2021-09-21 17:00:00",1824.0,"4720",11.05,47.43,3.79,1.273,96.7,304.2,282.46999999999997,25.69,32.04,29.95,10.48,8.14,27.44,24.98,0.0,152.0853,0.5475053,260.3,92658.98,926.7722,926.3831,0.152,0.741,2021,9,21,17,0
"2021-09-21 18:00:00",1825.0,"4720",10.65,42.22,3.67,0.849,51.65,301.48999999999995,281.72999999999996,32.59,30.08,26.54,9.04,8.04,32.71,25.69,0.0,11.54784,0.04157224,58.84,92696.61,927.244,926.7094,0.014,0.059,2021,9,21,18,0
"2021-09-21 19:00:00",1826.0,"4720",10.63,34.68,3.08,0.745,208.8,298.97999999999996,282.08,35.43,26.72,24.96,9.5,8.57,35.6,32.52,0.0,0.0,0.0,0.0,92782.45,928.3212,927.2073,0.01,0.0,2021,9,21,19,0
"2021-09-21 20:00:00",1827.0,"4720",10.59,31.11,3.99,1.207,201.1,298.03999999999996,281.46999999999997,35.84,25.31,24.3,8.85,7.869,35.92,33.88,0.0,0.0,0.0,0.0,92872.49,929.0641,928.2935,0.031,0.0,2021,9,21,20,0
"2021-09-21 21:00:00",1828.0,"4720",10.57,29.33,4.52,1.48,208.0,297.02,282.10999999999996,42.16,24.49,23.45,10.28,8.21,42.6,35.77,0.0,0.0,0.0,0.0,92923.55,929.5999,929.0078,0.038,0.0,2021,9,21,21,0
"2021-09-21 22:00:00",1829.0,"4720",10.53,27.67,6.75,2.022,197.8,295.60999999999996,284.25,56.11,23.61,21.62,12.62,9.88,56.11,42.16,0.0,0.0,0.0,0.0,92991.86,930.2288,929.5237,0.042,0.0,2021,9,21,22,0
"2021-09-21 23:00:00",1830.0,"4720",10.52,26.26,7.47,3.218,192.9,294.02,286.97999999999996,67.51,21.74,20.11,14.47,12.45,67.75,56.1,0.0,0.0,0.0,0.0,93034.58,930.4938,930.0734,0.04,0.0,2021,9,21,23,0
"2021-09-22 00:00:00",1831.0,"4720",10.49,24.94,7.92,3.195,194.6,292.54999999999995,286.71999999999997,67.18,20.25,18.73,14.27,12.54,70.41,67.17,0.0,0.0,0.0,0.0,93053.34,930.7181,930.2266,0.031,0.0,2021,9,22,0,0
"2021-09-22 01:00:00",1832.0,"4720",10.48,23.57,8.19,2.397,200.0,291.59,283.64,58.5,18.91,18.07,12.7,9.64,67.28,56.42,0.0,0.0,0.0,0.0,93028.58,930.5029,930.0292,0.031,0.0,2021,9,22,1,0
"2021-09-22 02:00:00",1833.0,"4720",10.45,22.61,6.73,2.124,196.9,290.65,283.7,71.08,18.32,16.7,11.61,9.8,71.21,58.5,0.0,0.0,0.0,0.0,93001.45999999999,930.1385,929.8244,0.022,0.0,2021,9,22,2,0
"2021-09-22 03:00:00",1834.0,"4720",10.42,21.51,5.17,1.908,195.6,289.47999999999996,285.91999999999996,86.7,16.87,15.97,13.94,11.45,86.7,71.08,0.0,0.0,0.0,0.0,93010.63,930.2924,929.8499,0.004,0.0,2021,9,22,3,0
"2021-09-22 04:00:00",1835.0,"4720",10.41,20.47,6.31,2.234,192.4,289.14,287.22999999999996,89.5,16.22,15.84,14.45,13.74,89.8,86.5,0.0,0.0,0.0,0.0,93062.49,931.1137,930.1683,-0.001,0.0,2021,9,22,4,0
"2021-09-22 05:00:00",1836.0,"4720",10.38,21.18,6.42,2.397,192.4,289.33,287.48999999999995,88.8,16.5,15.97,14.67,14.22,89.7,88.3,0.0,0.0,0.0,0.0,93119.95,931.5486,930.9664,-0.001,0.0,2021,9,22,5,0
"2021-09-22 06:00:00",1837.0,"4720",10.36,21.56,6.83,3.263,187.7,289.53,287.78999999999996,88.7,16.59,16.3,14.87,14.46,89.9,88.7,0.0,3.805062,0.01369822,20.93,93198.46,932.4246,931.4626,0.025,0.054,2021,9,22,6,0
"2021-09-22 07:00:00",1838.0,"4720",10.36,22.2,8.17,3.53,185.0,289.83,287.65,85.3,17.2,16.43,14.79,14.34,88.8,85.0,0.0,"NAN","NAN","NAN",93288.23999999999,933.3721,932.3284,0.057,0.708,2021,9,22,7,0
"2021-09-22 08:00:00",1839.0,"4720",10.62,26.08,9.45,3.692,182.5,291.41999999999996,287.9,72.93,20.53,17.02,15.5,14.46,85.6,71.02,0.0,259.2903,0.9334444,467.1,93376.73,934.2899,933.2587,0.17,1.605,2021,9,22,8,0
"2021-09-22 09:00:00",1840.0,"4720",11.02,30.34,7.37,2.78,178.1,293.75,287.15,59.04,22.07,19.52,14.95,13.37,73.78,58.71,0.0,498.6353,1.795086,727.0,93423.76000000001,934.3824,933.9749,0.336,2.428,2021,9,22,9,0
"2021-09-22 10:00:00",1841.0,"4720",11.08,34.74,4.48,1.485,151.3,295.85999999999996,286.5,55.72,23.62,21.82,13.96,12.86,59.4,51.94,0.0,519.582,1.870494,844.0,93426.68,934.3844,934.0785,0.378,3.077,2021,9,22,10,0
"2021-09-22 11:00:00",1842.0,"4720",11.06,34.59,5.79,2.161,166.9,296.44,285.84,45.71,25.54,22.15,13.57,11.72,56.69,43.73,0.0,583.9606,2.102258,1050.0,93377.14,934.1724,933.2896,0.443,3.495,2021,9,22,11,0
"2021-09-22 12:00:00",1843.0,"4720",11.44,37.19,7.41,3.29,173.7,298.65,284.64,41.13,26.59,24.44,12.36,10.64,45.73,38.46,0.0,932.7827,3.358014,1007.0,93262.13,933.3152,931.9491,0.703,3.652,2021,9,22,12,0
"2021-09-22 13:00:00",1844.0,"4720",11.71,40.38,7.68,3.362,187.1,299.42999999999995,284.72999999999996,38.14,27.15,25.69,12.36,10.57,42.39,37.22,0.0,894.5402,3.220351,997.0,93158.56999999999,932.1243,930.989,0.693,3.514,2021,9,22,13,0
"2021-09-22 14:00:00",1845.0,"4720",11.41,42.26,7.6,3.411,183.0,300.01,283.98999999999995,35.34,27.47,25.96,11.49,9.92,39.5,34.49,0.0,771.2853,2.776627,880.0,93090.12,931.2528,930.4783,0.63,3.115,2021,9,22,14,0
"2021-09-22 15:00:00",1846.0,"4720",11.61,42.44,8.09,3.542,189.7,299.94,283.62,36.24,27.6,26.15,11.17,9.98,37.66,33.9,0.0,590.098,2.124353,707.7,93041.15000000001,930.7369,930.084,0.518,2.475,2021,9,22,15,0
"2021-09-22 16:00:00",1847.0,"4720",11.48,41.77,8.54,3.484,188.7,299.34,283.96999999999997,38.78,26.85,25.69,11.38,9.93,40.1,35.46,0.0,383.3047,1.379891,496.5,93027.48,930.4241,930.0366,0.373,1.649,2021,9,22,16,0
"2021-09-22 17:00:00",1848.0,"4720",11.05,39.54,7.25,3.584,186.2,298.4,283.97999999999996,42.49,26.04,24.43,11.19,10.38,42.62,38.13,0.0,160.2517,0.5769046,266.9,93039.4,930.5751,930.1711,0.226,0.739,2021,9,22,17,0
"2021-09-22 18:00:00",1849.0,"4720",10.63,35.43,6.59,3.172,187.3,296.71999999999997,284.09,47.37,24.62,22.73,11.28,10.69,47.54,42.29,0.0,13.48524,0.04854675,60.73,93071.86,930.9732,930.4086,0.097,0.059,2021,9,22,18,0
"2021-09-22 19:00:00",1850.0,"4720",10.6,30.18,7.17,2.334,193.8,295.15,284.15,54.08,22.91,21.42,11.91,10.75,54.13,47.37,0.0,0.0,0.0,0.0,93122.68000000001,931.5999,930.8947,0.047,0.0,2021,9,22,19,0
"2021-09-22 20:00:00",1851.0,"4720",10.57,27.68,7.82,3.589,190.3,294.03,286.19,65.68,21.6,20.31,13.99,11.79,65.9,54.15,0.0,0.0,0.0,0.0,93182.06,932.1281,931.4486,0.049,0.0,2021,9,22,20,0
"2021-09-22 21:00:00",1852.0,"4720",10.53,26.11,6.92,2.48,194.0,292.94,287.03999999999996,71.39,20.48,19.25,14.2,13.6,71.56,65.55,0.0,0.0,0.0,0.0,93227.42,932.5034,931.9437,0.024,0.0,2021,9,22,21,0
"2021-09-22 22:00:00",1853.0,"4720",10.49,24.55,6.86,2.466,195.0,292.21999999999997,287.22999999999996,73.96,19.43,18.86,14.36,13.93,74.14,71.35,0.0,0.0,0.0,0.0,93232.28,932.4684,932.0825,0.018,0.0,2021,9,22,22,0
"2021-09-22 23:00:00",1854.0,"4720",10.47,23.76,7.5,3.315,190.8,291.78,287.57,80.2,19.04,18.2,15.0,14.13,80.3,73.95,0.0,0.0,0.0,0.0,93208.18000000001,932.2534,931.8641,0.02,0.0,2021,9,22,23,0
"2021-09-23 00:00:00",1855.0,"4720",10.45,23.27,7.85,3.585,185.6,291.12,287.54999999999995,79.35,18.35,17.55,14.96,13.89,80.9,78.58,0.0,0.0,0.0,0.0,93197.69,932.1365,931.7136,0.017,0.0,2021,9,23,0,0
"2021-09-23 01:00:00",1856.0,"4720",10.44,22.9,8.05,3.301,189.4,290.56,287.23999999999995,82.1,17.73,17.22,14.37,13.9,82.2,79.3,0.0,0.0,0.0,0.0,93158.14,931.8531,931.0967,0.013,0.0,2021,9,23,1,0
"2021-09-23 02:00:00",1857.0,"4720",10.42,22.32,6.76,3.214,189.9,290.02,287.34,85.7,17.36,16.5,14.41,14.1,86.0,82.1,0.0,0.0,0.0,0.0,93089.61,931.2595,930.5043,0.008,0.0,2021,9,23,2,0
"2021-09-23 03:00:00",1858.0,"4720",10.39,21.13,6.44,2.952,189.7,289.48999999999995,287.32,88.0,16.67,16.1,14.4,14.06,88.3,85.7,0.0,0.0,0.0,0.0,93050.57,930.6796,930.2252,0.004,0.0,2021,9,23,3,0
"2021-09-23 04:00:00",1859.0,"4720",10.36,20.5,6.56,2.043,194.2,288.98999999999995,287.34,90.4,16.28,15.65,14.59,13.96,91.1,88.0,0.0,0.0,0.0,0.0,93063.23999999999,930.8103,930.3832,-0.004,0.0,2021,9,23,4,0
"2021-09-23 05:00:00",1860.0,"4720",10.33,20.21,6.14,2.645,189.5,289.06,287.51,91.4,16.15,15.78,14.61,14.24,91.5,89.7,0.0,0.0,0.0,0.0,93096.42,931.2498,930.5961,-0.002,0.0,2021,9,23,5,0
"2021-09-23 06:00:00",1861.0,"4720",10.31,20.17,4.27,1.667,193.5,288.88,287.59999999999997,92.4,16.02,15.58,14.81,14.28,92.7,91.3,0.0,9.974767,0.03590916,44.09,93125.36,931.4703,931.0193,-0.008,0.057,2021,9,23,6,0
"2021-09-23 07:00:00",1862.0,"4720",10.35,23.0,4.8,1.886,192.1,289.90999999999997,288.03,80.4,18.3,15.84,15.31,14.61,92.5,80.4,0.0,142.8012,0.5140838,291.9,93176.66,932.0693,931.4125,0.069,0.72,2021,9,23,7,0
"2021-09-23 08:00:00",1863.0,"4720",10.46,27.89,6.13,2.388,182.6,292.47999999999996,287.63,66.86,20.79,18.14,15.02,14.04,80.6,66.66,0.0,341.528,1.229501,628.1,93230.05,932.4397,931.9378,0.217,1.621,2021,9,23,8,0
"2021-09-23 09:00:00",1864.0,"4720",10.92,30.89,6.87,3.052,187.1,294.77,287.08,60.8,22.58,20.57,14.84,13.46,67.23,58.13,0.0,432.5002,1.557002,863.0,93246.53,932.5995,932.1955,0.323,2.442,2021,9,23,9,0
"2021-09-23 10:00:00",1865.0,"4720",10.97,32.14,6.97,3.332,174.9,295.59,287.04999999999995,55.92,23.53,21.49,14.43,13.59,61.24,55.65,0.0,450.3287,1.621182,1071.0,93238.85,932.5601,932.1117,0.358,3.084,2021,9,23,10,0
"2021-09-23 11:00:00",1866.0,"4720",11.03,33.32,7.9,3.58,178.5,296.72999999999996,287.06,56.57,24.64,22.86,14.6,13.41,56.77,52.4,0.0,467.3449,1.682443,1249.0,93185.63,932.1656,931.486,0.395,3.492,2021,9,23,11,0
"2021-09-23 12:00:00",1867.0,"4720",11.05,33.37,7.62,3.415,177.4,296.85999999999996,287.78,54.88,24.97,23.07,15.36,14.06,59.27,54.55,0.0,478.7766,1.723598,1226.0,93138.26000000001,931.7424,930.9059,0.397,3.624,2021,9,23,12,0
"2021-09-23 13:00:00",1868.0,"4720",11.36,35.38,8.45,3.257,181.5,297.84,287.67999999999995,51.75,25.46,24.25,15.32,13.83,55.91,50.58,0.0,487.1973,1.75391,1138.0,93045.18000000001,931.0248,929.894,0.414,3.487,2021,9,23,13,0
"2021-09-23 14:00:00",1869.0,"4720",11.38,37.64,7.78,3.417,187.6,298.37,287.46999999999997,50.84,26.29,24.64,14.79,13.61,52.84,48.24,0.0,576.1675,2.074204,977.0,92962.66,930.0043,929.1233,0.471,3.084,2021,9,23,14,0
"2021-09-23 15:00:00",1870.0,"4720",11.45,38.46,7.6,3.434,185.8,298.56,287.29999999999995,48.33,26.13,24.77,14.65,13.74,52.18,48.1,0.0,527.986,1.900749,769.1,92906.93,929.3774,928.7732,0.436,2.447,2021,9,23,15,0
"2021-09-23 16:00:00",1871.0,"4720",11.36,38.85,7.79,3.427,186.4,298.04999999999995,287.46,52.93,25.82,24.37,14.79,13.68,54.09,47.98,0.0,313.5706,1.128853,594.9,92897.58,929.1554,928.7231,0.297,1.63,2021,9,23,16,0
"2021-09-23 17:00:00",1872.0,"4720",10.91,35.66,6.94,3.097,183.8,297.46,286.82,50.18,25.05,23.72,14.73,12.68,53.33,49.59,0.0,143.9537,0.5182328,322.1,92911.91,929.2665,928.9066,0.176,0.732,2021,9,23,17,0
"2021-09-23 18:00:00",1873.0,"4720",10.64,32.44,5.43,2.215,188.7,295.94,287.15,66.15,23.9,21.69,15.33,12.74,66.26,50.12,0.0,11.98825,0.04315771,45.16,92944.8,929.7856,929.1193,0.047,0.06,2021,9,23,18,0
"2021-09-23 19:00:00",1874.0,"4720",10.59,28.67,5.89,2.615,192.3,293.37,289.15,83.7,21.83,18.86,16.65,15.11,83.8,66.14,0.0,0.0,0.0,0.0,93017.07,930.4404,929.7143,0.02,0.0,2021,9,23,19,0
"2021-09-23 20:00:00",1875.0,"4720",10.58,25.47,7.27,3.315,190.7,291.78,289.51,88.3,19.04,18.53,16.69,16.04,88.3,83.7,0.0,0.0,0.0,0.0,93076.52,931.1397,930.2897,0.01,0.0,2021,9,23,20,0
"2021-09-23 21:00:00",1876.0,"4720",10.54,24.75,6.7,2.734,192.5,291.63,289.77,89.5,18.78,18.14,16.89,16.38,89.6,88.2,0.0,0.0,0.0,0.0,93140.39,931.689,930.9828,0.004,0.0,2021,9,23,21,0
"2021-09-23 22:00:00",1877.0,"4720",10.52,23.99,4.89,1.78,196.9,291.37,289.54999999999995,88.8,18.44,18.14,16.7,16.25,89.9,88.5,0.0,0.0,0.0,0.0,93151.29,931.6956,931.3257,-0.001,0.0,2021,9,23,22,0
"2021-09-23 23:00:00",1878.0,"4720",10.5,23.55,5.4,2.223,192.5,291.23999999999995,289.37,89.4,18.38,17.81,16.51,16.04,89.6,88.3,0.0,0.0,0.0,0.0,93131.67,931.479,931.0221,0.002,0.0,2021,9,23,23,0
"2021-09-24 00:00:00",1879.0,"4720",10.49,23.42,5.53,2.323,192.2,290.90999999999997,289.15999999999997,88.6,17.99,17.68,16.27,15.81,90.1,88.4,0.0,0.0,0.0,0.0,93098.46,931.1091,930.8081,0.002,0.0,2021,9,24,0,0
"2021-09-24 01:00:00",1880.0,"4720",10.47,23.26,5.71,2.354,190.0,290.84,288.9,88.4,17.93,17.61,16.03,15.63,88.8,88.0,0.0,0.0,0.0,0.0,93053.28,930.9219,930.1731,0.003,0.0,2021,9,24,1,0
"2021-09-24 02:00:00",1881.0,"4720",10.45,23.01,4.96,2.169,192.2,290.65999999999997,288.78,88.5,17.8,17.42,15.87,15.51,89.2,88.2,0.0,0.0,0.0,0.0,93005.97,930.2543,929.8463,0.002,0.0,2021,9,24,2,0
"2021-09-24 03:00:00",1882.0,"4720",10.42,22.7,4.85,2.2,188.4,290.45,288.62,89.5,17.59,17.16,15.71,15.37,89.7,88.4,0.0,0.0,0.0,0.0,92998.85,930.0984,929.8696,0.001,0.0,2021,9,24,3,0
"2021-09-24 04:00:00",1883.0,"4720",10.36,22.44,4.29,1.722,186.6,290.32,288.65,89.7,17.4,17.09,15.73,15.42,90.2,89.5,0.0,0.0,0.0,0.0,93013.89,930.2717,929.9132,-0.002,0.0,2021,9,24,4,0
"2021-09-24 05:00:00",1884.0,"4720",10.36,22.4,3.76,1.544,187.4,290.14,288.56,90.8,17.33,16.83,15.67,15.28,90.9,89.7,0.0,0.0,0.0,0.0,93037.09999999999,930.6797,930.1541,-0.004,0.0,2021,9,24,5,0
"2021-09-24 06:00:00",1885.0,"4720",10.34,22.16,3.68,1.454,185.5,289.7,288.32,91.6,17.0,16.37,15.5,15.03,92.1,90.7,0.0,8.758714,0.03153135,49.03,93105.17,931.522,930.5996,-0.003,0.061,2021,9,24,6,0
"2021-09-24 07:00:00",1886.0,"4720",10.38,23.45,2.63,1.107,191.4,290.22999999999996,288.51,87.0,17.76,16.57,15.69,15.19,91.8,87.0,0.0,84.18523,0.3030669,135.0,93184.88,932.2222,931.4813,0.051,0.731,2021,9,24,7,0
"2021-09-24 08:00:00",1887.0,"4720",10.59,25.95,2.47,0.87,180.4,291.63,288.62,78.26,19.3,17.55,15.87,15.24,87.1,78.26,0.0,171.9099,0.6188754,292.2,93252.95,932.7775,932.1793,0.116,1.628,2021,9,24,8,0
"2021-09-24 09:00:00",1888.0,"4720",10.89,32.48,2.62,0.92,160.3,293.59999999999997,288.31,65.04,22.2,19.06,15.69,14.51,78.89,64.39,0.0,445.3631,1.603307,915.0,93276.01,932.8602,932.7104,0.291,2.444,2021,9,24,9,0
"2021-09-24 10:00:00",1889.0,"4720",10.99,36.96,3.34,1.122,160.3,296.32,288.27,55.28,24.82,21.76,15.77,14.82,65.69,54.95,0.0,760.7396,2.738666,941.0,93244.9,932.7446,932.1505,0.518,3.083,2021,9,24,10,0
"2021-09-24 11:00:00",1890.0,"4720",11.15,39.07,4.9,1.567,200.3,298.92999999999995,287.92999999999995,45.57,27.48,24.06,15.5,13.56,56.4,44.46,0.0,955.8252,3.440965,1039.0,93166.63,932.2113,931.0846,0.683,3.492,2021,9,24,11,0
"2021-09-24 12:00:00",1891.0,"4720",11.34,40.77,5.04,1.701,191.5,300.84,286.28999999999996,37.36,28.58,26.68,14.46,11.95,45.9,37.3,0.0,885.117,3.186423,1086.0,93062.95,931.2234,930.1477,0.676,3.651,2021,9,24,12,0
"2021-09-24 13:00:00",1892.0,"4720",11.48,45.09,5.62,2.225,188.6,302.19,284.47999999999996,31.75,30.14,27.73,13.29,10.15,39.92,30.32,0.0,915.5934,3.296131,1084.0,92984.52,930.1899,929.4861,0.726,3.533,2021,9,24,13,0
"2021-09-24 14:00:00",1893.0,"4720",11.45,47.46,5.23,2.156,187.4,302.85999999999996,283.81,29.74,30.43,28.98,11.83,9.89,32.57,28.95,0.0,808.9944,2.912382,918.0,92915.23,929.5471,928.8282,0.657,3.13,2021,9,24,14,0
"2021-09-24 15:00:00",1894.0,"4720",11.28,47.92,6.12,2.29,165.9,302.82,283.01,28.76,30.37,28.97,10.63,9.22,30.18,28.3,0.0,587.6878,2.11568,751.4,92865.72,928.9324,928.4142,0.512,2.49,2021,9,24,15,0
"2021-09-24 16:00:00",1895.0,"4720",11.16,46.94,6.25,2.295,182.5,302.29999999999995,282.53,30.25,29.86,28.64,9.8,9.05,30.44,27.97,0.0,392.692,1.413688,514.0,92857.62999999999,928.6896,928.4475,0.367,1.665,2021,9,24,16,0
"2021-09-24 17:00:00",1896.0,"4720",11.01,44.3,5.14,2.428,178.2,301.01,283.14,35.79,28.89,26.93,11.01,9.57,36.26,30.25,0.0,150.5295,0.5419057,295.3,92874.34,928.8877,928.6229,0.203,0.745,2021,9,24,17,0
"2021-09-24 18:00:00",1897.0,"4720",10.64,38.54,5.01,2.148,181.4,299.0,284.19,44.12,27.12,24.89,12.08,9.85,44.36,34.74,0.0,"NAN","NAN","NAN",92902.33,929.3268,928.7758,0.074,0.06,2021,9,24,18,0
"2021-09-24 19:00:00",1898.0,"4720",10.6,32.62,4.29,1.39,193.3,296.91999999999996,284.44,47.61,25.08,22.93,12.12,10.74,47.69,44.05,0.0,0.0,0.0,0.0,92960.28,929.8602,929.2922,0.028,0.0,2021,9,24,19,0
"2021-09-24 20:00:00",1899.0,"4720",10.55,29.25,2.76,1.229,199.7,295.9,284.71999999999997,51.74,23.24,22.21,12.07,11.16,51.88,47.37,0.0,0.0,0.0,0.0,93009.0,930.3324,929.7609,0.019,0.0,2021,9,24,20,0
"2021-09-24 21:00:00",1900.0,"4720",10.54,27.6,4.57,1.351,208.6,295.15999999999997,285.94,57.8,22.39,21.74,13.31,11.83,58.15,51.74,0.0,0.0,0.0,0.0,93047.08,930.7258,930.278,0.017,0.0,2021,9,24,21,0
"2021-09-24 22:00:00",1901.0,"4720",10.52,26.43,5.63,2.604,192.8,293.96,286.15999999999997,64.88,21.89,20.04,13.42,12.8,64.88,57.8,0.0,0.0,0.0,0.0,93083.14,930.9596,930.6467,0.036,0.0,2021,9,24,22,0
"2021-09-24 23:00:00",1902.0,"4720",10.49,25.07,7.06,3.211,190.6,292.31,286.58,72.56,20.12,18.4,13.73,13.1,72.69,64.64,0.0,0.0,0.0,0.0,93099.06,931.1854,930.6821,0.029,0.0,2021,9,24,23,0
"2021-09-25 00:00:00",1903.0,"4720",10.47,23.53,6.3,2.064,200.6,291.06,286.23999999999995,74.21,18.55,17.35,13.58,12.72,74.83,72.45,0.0,0.0,0.0,0.0,93096.14,931.059,930.7481,0.012,0.0,2021,9,25,0,0
"2021-09-25 01:00:00",1904.0,"4720",10.45,21.88,3.15,0.978,243.8,290.25,285.5,73.43,17.53,16.83,12.89,12.05,74.36,72.97,0.0,0.0,0.0,0.0,93073.61,930.977,930.5268,-0.004,0.0,2021,9,25,1,0
"2021-09-25 02:00:00",1905.0,"4720",10.43,20.8,2.08,0.698,259.8,289.63,285.26,77.14,17.0,15.97,12.44,11.86,77.53,73.36,0.0,0.0,0.0,0.0,93039.97,930.5762,930.2632,-0.01,0.0,2021,9,25,2,0
"2021-09-25 03:00:00",1906.0,"4720",10.4,19.93,3.01,0.945,288.6,289.13,285.26,77.79,16.37,15.84,12.41,11.96,78.38,77.07,0.0,0.0,0.0,0.0,93019.96,930.2906,930.0472,-0.007,0.0,2021,9,25,3,0
"2021-09-25 04:00:00",1907.0,"4720",10.38,19.82,2.75,1.269,303.4,288.9,285.15,78.77,16.08,15.58,12.24,11.87,78.96,77.72,0.0,0.0,0.0,0.0,93021.34,930.4921,930.0387,-0.003,0.0,2021,9,25,4,0
"2021-09-25 05:00:00",1908.0,"4720",10.36,19.68,2.46,1.055,299.9,288.73999999999995,285.04999999999995,77.98,15.82,15.45,12.17,11.64,79.13,77.98,0.0,0.0,0.0,0.0,93055.94,930.7574,930.4402,-0.006,0.0,2021,9,25,5,0
"2021-09-25 06:00:00",1909.0,"4720",10.35,19.46,1.83,0.873,343.0,288.27,284.76,78.83,15.63,14.92,12.03,11.44,80.5,77.98,0.0,"NAN","NAN","NAN",93091.93000000001,931.2472,930.7025,-0.003,0.064,2021,9,25,6,0
"2021-09-25 07:00:00",1910.0,"4720",10.37,23.98,3.42,0.933,354.6,290.84,285.44,61.97,19.96,15.51,12.66,11.84,78.95,61.97,0.0,141.8385,0.5106186,273.1,93150.01,931.8546,931.216,0.079,0.753,2021,9,25,7,0
"2021-09-25 08:00:00",1911.0,"4720",10.45,30.5,4.32,1.723,24.86,294.17999999999995,285.78999999999996,55.59,22.58,19.78,13.32,12.12,62.04,54.87,0.0,378.9789,1.364325,478.8,93210.64,932.3834,931.8163,0.256,1.66,2021,9,25,8,0
"2021-09-25 09:00:00",1912.0,"4720",10.97,35.99,4.63,1.393,57.36,296.94,286.33,47.39,25.41,22.21,13.68,12.73,56.17,47.38,0.0,597.7247,2.151808,683.5,93245.09000000001,932.6538,932.3045,0.42,2.475,2021,9,25,9,0
"2021-09-25 10:00:00",1913.0,"4720",11.17,37.93,5.3,1.603,63.24,299.34,286.71999999999997,43.65,27.16,25.17,14.11,13.23,48.13,43.65,0.0,756.9742,2.725108,850.0,93250.31,932.5992,932.3322,0.561,3.112,2021,9,25,10,0
"2021-09-25 11:00:00",1914.0,"4720",11.27,39.99,4.84,1.586,77.77,301.29999999999995,286.71999999999997,38.67,29.87,26.74,14.06,13.17,44.39,37.17,0.0,872.9913,3.142763,931.0,93189.86,932.3936,931.4786,0.666,3.518,2021,9,25,11,0
"2021-09-25 12:00:00",1915.0,"4720",11.55,43.38,5.14,1.536,60.15,302.92999999999995,286.56,34.83,30.75,28.65,14.11,13.0,39.75,34.3,0.0,917.88,3.304365,985.0,93094.17,931.5013,930.3944,0.717,3.658,2021,9,25,12,0
"2021-09-25 13:00:00",1916.0,"4720",11.3,45.07,5.65,1.671,83.3,303.16999999999996,285.77,32.67,30.88,29.17,13.53,11.33,36.32,31.89,0.0,633.666,2.281199,1017.0,92997.20999999999,930.4627,929.4719,0.54,3.525,2021,9,25,13,0
"2021-09-25 14:00:00",1917.0,"4720",11.37,48.69,6.99,1.805,72.28,304.21999999999997,284.89,26.99,32.26,29.69,13.07,9.96,33.98,25.77,0.0,809.4298,2.913941,931.0,92897.02,929.5021,928.4156,0.658,3.124,2021,9,25,14,0
"2021-09-25 15:00:00",1918.0,"4720",11.43,49.78,5.33,1.985,103.7,304.79999999999995,284.19,31.9,32.37,30.81,12.71,9.26,31.9,24.86,0.0,641.2833,2.308618,744.9,92813.67,928.4666,927.7358,0.546,2.484,2021,9,25,15,0
"2021-09-25 16:00:00",1919.0,"4720",11.07,49.06,5.13,2.223,183.1,303.44,285.28999999999996,33.31,31.16,29.63,12.78,11.71,34.09,31.57,0.0,314.157,1.130964,510.4,92776.48000000001,927.9277,927.6656,0.327,1.651,2021,9,25,16,0
"2021-09-25 17:00:00",1920.0,"4720",11.01,44.26,6.21,2.209,179.7,302.52,285.09,34.56,29.82,28.9,12.34,11.73,34.76,33.19,0.0,165.9187,0.5973071,277.0,92782.25,928.0068,927.7113,0.198,0.741,2021,9,25,17,0
"2021-09-25 18:00:00",1921.0,"4720",10.64,40.45,7.04,2.512,166.0,301.03999999999996,285.08,39.11,29.05,26.93,12.42,11.61,39.42,34.49,0.0,17.87858,0.06436276,94.0,92819.03,928.4734,927.9256,0.079,0.06,2021,9,25,18,0
"2021-09-25 19:00:00",1922.0,"4720",10.64,34.7,5.37,2.311,180.9,299.69,285.42999999999995,43.28,27.11,26.08,12.83,11.84,43.47,39.04,0.0,0.0,0.0,0.0,92867.02,929.0778,928.3687,0.072,0.0,2021,9,25,19,0
"2021-09-25 20:00:00",1923.0,"4720",10.6,32.55,5.56,1.573,193.0,298.65999999999997,286.25,48.66,26.24,24.83,13.57,12.63,48.77,43.28,0.0,0.0,0.0,0.0,92942.54,929.6913,928.9636,0.043,0.0,2021,9,25,20,0
"2021-09-25 21:00:00",1924.0,"4720",10.58,31.14,4.42,1.576,200.6,297.38,286.32,52.33,25.01,23.39,13.48,12.98,52.42,48.42,0.0,0.0,0.0,0.0,92987.87,930.1024,929.5616,0.037,0.0,2021,9,25,21,0
"2021-09-25 22:00:00",1925.0,"4720",10.55,29.32,6.98,1.997,193.5,295.84999999999997,287.64,70.13,23.57,21.68,16.24,13.07,70.23,52.26,0.0,0.0,0.0,0.0,93024.78,930.4615,930.0171,0.035,0.0,2021,9,25,22,0
"2021-09-25 23:00:00",1926.0,"4720",10.52,27.29,6.44,2.28,193.1,294.16999999999996,289.37,77.29,21.84,20.37,16.51,16.02,77.42,70.12,0.0,0.0,0.0,0.0,93034.12,930.465,930.1882,0.021,0.0,2021,9,25,23,0
"2021-09-26 00:00:00",1927.0,"4720",10.5,25.59,5.63,1.936,194.7,293.2,289.44,79.24,20.54,19.91,16.52,16.21,79.63,77.22,0.0,0.0,0.0,0.0,93016.22,930.3199,929.9653,0.011,0.0,2021,9,26,0,0
"2021-09-26 01:00:00",1928.0,"4720",10.48,24.88,4.75,1.305,205.2,292.66999999999996,289.19,81.3,20.05,19.19,16.39,15.84,81.5,79.17,0.0,0.0,0.0,0.0,92971.15,930.0729,929.4899,0.003,0.0,2021,9,26,1,0
"2021-09-26 02:00:00",1929.0,"4720",10.47,23.81,2.52,0.913,236.6,292.21,289.03,81.6,19.42,18.92,16.17,15.72,82.3,80.9,0.0,0.0,0.0,0.0,92949.08,929.575,929.347,-0.003,0.0,2021,9,26,2,0
"2021-09-26 03:00:00",1930.0,"4720",10.44,23.2,2.41,1.168,281.9,291.71,288.77,83.4,19.1,17.94,15.95,15.11,83.7,81.6,0.0,0.0,0.0,0.0,92923.19,929.3762,929.1271,-0.001,0.0,2021,9,26,3,0
"2021-09-26 04:00:00",1931.0,"4720",10.4,22.59,1.54,0.615,242.0,290.76,288.28,83.7,18.18,17.15,15.59,14.89,87.2,83.3,0.0,0.0,0.0,0.0,92925.68,929.3627,929.131,-0.009,0.0,2021,9,26,4,0
"2021-09-26 05:00:00",1932.0,"4720",10.38,21.99,3.23,0.903,2.047,291.45,288.17999999999995,79.72,18.77,17.87,15.38,14.92,83.8,79.56,0.0,0.0,0.0,0.0,92925.99,929.4028,929.1644,-0.003,0.0,2021,9,26,5,0
"2021-09-26 06:00:00",1933.0,"4720",10.37,22.14,3.45,1.11,7.651,291.57,288.15,80.3,18.73,18.27,15.31,14.86,81.1,79.5,0.0,7.623588,0.02744493,26.65,92963.31999999999,929.9119,929.3592,0.011,0.067,2021,9,26,6,0
"2021-09-26 07:00:00",1934.0,"4720",10.39,24.44,3.79,1.284,15.74,292.48999999999995,288.60999999999996,74.48,20.62,18.53,15.97,15.1,80.7,74.35,0.0,"NAN","NAN","NAN",93011.11,930.3881,929.8822,0.061,0.755,2021,9,26,7,0
"2021-09-26 08:00:00",1935.0,"4720",10.48,30.32,4.96,1.896,27.16,295.10999999999996,289.01,60.75,23.96,20.5,16.33,15.68,74.61,60.74,0.0,281.4775,1.013318,571.2,93076.41,931.056,930.3546,0.206,1.652,2021,9,26,8,0
"2021-09-26 09:00:00",1936.0,"4720",10.99,35.64,6.62,2.263,57.67,298.4,288.66999999999996,51.56,26.37,23.78,16.08,15.11,60.93,51.29,0.0,556.4367,2.003172,760.1,93106.4,931.2062,930.9283,0.42,2.467,2021,9,26,9,0
"2021-09-26 10:00:00",1937.0,"4720",11.19,37.42,7.69,2.555,43.7,300.0,288.62,47.26,28.1,26.01,15.95,14.69,52.02,45.57,0.0,776.1714,2.794214,859.0,93092.51000000001,931.2097,930.5312,0.591,3.103,2021,9,26,10,0
"2021-09-26 11:00:00",1938.0,"4720",11.33,39.8,6.4,2.328,65.31,302.22999999999996,286.64,35.3,30.34,27.72,15.74,11.49,47.45,32.73,0.0,882.7007,3.177724,997.0,93009.47,930.5999,929.4666,0.703,3.529,2021,9,26,11,0
"2021-09-26 12:00:00",1939.0,"4720",11.37,41.68,6.97,2.34,52.93,303.84999999999997,284.08,27.26,31.81,29.56,13.35,8.83,35.73,24.85,0.0,820.7735,2.954785,1057.0,92907.29,929.5646,928.5455,0.699,3.696,2021,9,26,12,0
"2021-09-26 13:00:00",1940.0,"4720",11.39,45.96,11.41,2.309,53.01,304.73999999999995,282.65,27.46,32.69,30.35,10.69,8.73,28.88,23.49,0.0,755.1351,2.718493,1118.0,92803.87,928.6057,927.5497,0.669,3.569,2021,9,26,13,0
"2021-09-26 14:00:00",1941.0,"4720",11.31,45.75,7.68,2.099,65.06,304.09999999999997,284.08,29.54,32.14,30.08,11.71,9.73,30.26,27.52,0.0,557.7458,2.007884,1023.0,92739.12,927.7532,926.9533,0.516,3.139,2021,9,26,14,0
"2021-09-26 15:00:00",1942.0,"4720",11.37,47.26,5.38,1.704,76.4,304.82,283.53,25.45,32.65,30.8,11.28,9.68,29.54,25.38,0.0,550.652,1.982347,868.0,92677.91,927.092,926.4713,0.48,2.494,2021,9,26,15,0
"2021-09-26 16:00:00",1943.0,"4720",11.11,47.45,5.9,1.456,83.1,304.60999999999996,282.78,26.56,32.11,30.67,10.32,9.15,27.53,24.79,0.0,316.7901,1.140446,535.2,92644.8,926.5682,926.3175,0.3,1.669,2021,9,26,16,0
"2021-09-26 17:00:00",1944.0,"4720",10.86,44.2,4.78,1.138,102.3,303.88,282.75,28.24,31.51,29.88,10.41,9.05,28.3,25.89,0.0,137.1968,0.4939083,250.3,92656.48999999999,926.8364,926.3534,0.14,0.75,2021,9,26,17,0
"2021-09-26 18:00:00",1945.0,"4720",10.65,40.52,2.91,0.733,89.3,301.90999999999997,282.5,31.29,30.03,27.71,9.76,9.08,31.54,27.77,0.0,10.20642,0.036743,52.31,92688.07,927.0974,926.7531,0.018,0.061,2021,9,26,18,0
"2021-09-26 19:00:00",1946.0,"4720",10.63,34.69,1.04,0.341,341.1,299.54999999999995,282.66999999999996,38.12,27.84,25.35,10.41,9.15,38.38,31.29,0.0,0.0,0.0,0.0,92724.40000000001,927.5447,927.0357,-0.005,0.0,2021,9,26,19,0
"2021-09-26 20:00:00",1947.0,"4720",10.58,31.47,1.39,0.621,332.7,298.26,282.88,39.57,25.73,24.11,10.25,9.33,39.76,36.62,0.0,0.0,0.0,0.0,92768.62999999999,927.9326,927.4914,0.009,0.0,2021,9,26,20,0
"2021-09-26 21:00:00",1948.0,"4720",10.57,29.46,3.03,0.598,305.6,297.28999999999996,282.15,39.94,25.1,23.38,9.73,8.61,40.36,35.64,0.0,0.0,0.0,0.0,92808.83,928.2593,927.8868,0.008,0.0,2021,9,26,21,0
"2021-09-26 22:00:00",1949.0,"4720",10.53,27.68,3.23,0.846,207.5,295.97999999999996,284.59999999999997,61.39,23.57,22.21,15.27,8.75,61.67,39.94,0.0,0.0,0.0,0.0,92870.31,928.9657,928.2123,0.013,0.0,2021,9,26,22,0
"2021-09-26 23:00:00",1950.0,"4720",10.51,27.16,3.32,1.223,209.3,295.65,289.26,70.77,23.04,21.94,16.63,15.0,70.83,61.39,0.0,0.0,0.0,0.0,92872.52,928.9132,928.5413,0.013,0.0,2021,9,26,23,0
"2021-09-27 00:00:00",1951.0,"4720",10.48,26.49,3.57,1.321,264.4,294.83,289.75,74.55,22.12,21.22,16.89,16.38,75.13,70.71,0.0,0.0,0.0,0.0,92839.76,928.5986,928.2534,0.01,0.0,2021,9,27,0,0
"2021-09-27 01:00:00",1952.0,"4720",10.46,25.54,3.05,1.393,289.7,293.95,289.41999999999996,77.61,21.46,20.11,16.83,16.0,78.01,73.7,0.0,0.0,0.0,0.0,92801.14,928.2733,927.7937,0.009,0.0,2021,9,27,1,0
"2021-09-27 02:00:00",1953.0,"4720",10.43,24.66,3.49,1.31,299.2,293.39,289.12,72.51,20.55,20.1,16.46,15.08,78.82,72.46,0.0,0.0,0.0,0.0,92742.44,927.8168,927.2246,0.006,0.0,2021,9,27,2,0
"2021-09-27 03:00:00",1954.0,"4720",10.41,24.51,4.04,1.167,10.86,293.96,288.08,68.36,21.3,20.11,15.33,14.61,72.57,68.09,0.0,0.0,0.0,0.0,92721.69,927.2816,927.1324,0.009,0.0,2021,9,27,3,0
"2021-09-27 04:00:00",1955.0,"4720",10.39,24.56,3.43,0.749,19.37,293.48999999999995,288.08,73.05,21.22,19.84,15.28,14.71,73.37,68.36,0.0,0.0,0.0,0.0,92738.56,927.6711,927.2092,0.0,0.0,2021,9,27,4,0
"2021-09-27 05:00:00",1956.0,"4720",10.38,23.88,3.28,1.008,13.93,293.46,288.51,72.01,20.87,20.04,15.67,15.08,74.45,71.81,0.0,0.0,0.0,0.0,92779.39,927.9932,927.5995,0.004,0.0,2021,9,27,5,0
"2021-09-27 06:00:00",1957.0,"4720",10.35,24.25,3.28,1.072,10.35,293.65,288.77,74.56,21.01,20.11,15.96,15.43,75.46,71.68,0.0,9.418348,0.03390605,37.4,92811.3,928.3768,927.8915,0.013,0.07,2021,9,27,6,0
"2021-09-27 07:00:00",1958.0,"4720",10.4,26.42,3.7,1.097,14.15,294.22999999999996,289.26,69.54,22.25,20.43,16.61,15.73,74.95,69.53,0.0,91.96268,0.3310657,257.2,92864.78,929.0854,928.3038,0.074,0.765,2021,9,27,7,0
"2021-09-27 08:00:00",1959.0,"4720",10.66,31.4,5.15,1.854,25.92,296.46999999999997,289.38,58.53,25.08,22.14,16.7,15.96,69.8,57.88,0.0,276.8983,0.9968333,633.5,92919.74,929.3818,929.0401,0.215,1.662,2021,9,27,8,0
"2021-09-27 09:00:00",1960.0,"4720",10.94,34.07,5.44,2.004,43.18,298.59,289.06,53.97,26.37,24.77,16.59,15.59,58.75,53.65,0.0,354.8672,1.277524,731.0,92935.1,929.4651,929.2706,0.301,2.476,2021,9,27,9,0
"2021-09-27 10:00:00",1961.0,"4720",11.03,38.45,6.47,1.841,65.74,300.9,288.83,45.62,28.77,26.08,16.56,15.01,54.4,44.2,0.0,571.0751,2.055868,1054.0,92913.95999999999,929.3739,928.892,0.465,3.113,2021,9,27,10,0
"2021-09-27 11:00:00",1962.0,"4720",11.24,41.52,6.95,1.922,76.07,302.72999999999996,288.64,40.37,30.82,28.57,16.36,14.9,46.09,39.39,0.0,728.4639,2.622473,1172.0,92860.1,928.9447,928.2477,0.596,3.516,2021,9,27,11,0
"2021-09-27 12:00:00",1963.0,"4720",11.17,41.61,5.8,1.568,64.56,302.71,286.72999999999996,37.16,30.27,28.9,15.25,11.76,40.53,33.19,0.0,336.0067,1.209627,1118.0,92782.37000000001,928.3163,927.2753,0.339,3.674,2021,9,27,12,0
"2021-09-27 13:00:00",1964.0,"4720",11.23,41.08,4.8,1.365,76.42,303.21,285.91999999999996,31.56,31.24,29.03,13.65,11.96,37.68,31.17,0.0,410.7205,1.478595,1024.0,92667.88,927.299,926.077,0.383,3.538,2021,9,27,13,0
"2021-09-27 14:00:00",1965.0,"4720",11.19,43.42,5.72,1.737,116.2,304.2,286.09,33.19,31.94,30.22,14.17,11.74,36.3,31.04,0.0,497.5743,1.791269,951.0,92566.09,926.1104,925.2932,0.457,3.123,2021,9,27,14,0
"2021-09-27 15:00:00",1966.0,"4720",10.95,43.19,5.07,1.519,95.2,303.59,286.03999999999996,34.56,31.58,29.75,13.53,12.42,35.63,32.74,0.0,217.2335,0.7820396,703.2,92510.18000000001,925.3774,924.8488,0.257,2.476,2021,9,27,15,0
"2021-09-27 16:00:00",1967.0,"4720",10.97,40.36,4.57,1.542,105.3,303.42999999999995,285.5,33.91,31.25,29.62,12.85,11.93,35.15,31.69,0.0,212.0862,0.7635114,420.4,92491.63,925.0208,924.8012,0.239,1.655,2021,9,27,16,0
"2021-09-27 17:00:00",1968.0,"4720",10.73,40.33,4.65,1.251,106.5,302.53,285.4,34.42,30.4,28.88,13.53,10.85,38.29,32.34,0.0,70.13383,0.2524817,111.4,92513.31,925.3115,924.974,0.124,0.744,2021,9,27,17,0
"2021-09-27 18:00:00",1969.0,"4720",10.64,35.79,4.35,0.715,104.3,301.03999999999996,285.91999999999996,41.46,29.08,26.82,13.36,11.68,41.57,34.42,0.0,"NAN","NAN","NAN",92547.36,925.6455,925.2459,0.004,0.061,2021,9,27,18,0
"2021-09-27 19:00:00",1970.0,"4720",10.61,32.67,2.78,0.658,63.6,299.33,285.91999999999996,45.88,27.0,25.22,13.14,12.59,46.03,41.45,0.0,0.0,0.0,0.0,92580.93000000001,926.1453,925.6151,0.021,0.0,2021,9,27,19,0
"2021-09-27 20:00:00",1971.0,"4720",10.58,30.07,1.26,0.57,330.1,297.35999999999996,285.77,48.61,25.34,23.78,13.13,12.3,49.58,45.88,0.0,0.0,0.0,0.0,92646.61,926.7452,926.1132,0.015,0.0,2021,9,27,20,0
"2021-09-27 21:00:00",1972.0,"4720",10.56,28.02,1.63,0.8,337.0,296.78,285.46999999999997,49.0,23.97,23.39,12.61,12.2,49.83,48.41,0.0,0.0,0.0,0.0,92694.32,927.2007,926.7134,0.023,0.0,2021,9,27,21,0
"2021-09-27 22:00:00",1973.0,"4720",10.54,27.09,2.17,0.792,354.5,296.56,285.21999999999997,49.0,23.82,23.19,12.45,11.88,49.53,48.35,0.0,0.0,0.0,0.0,92723.04000000001,927.2999,927.1359,0.022,0.0,2021,9,27,22,0
"2021-09-27 23:00:00",1974.0,"4720",10.51,26.73,3.08,0.818,336.0,296.15,285.37,51.22,23.56,22.53,12.95,11.76,53.15,48.94,0.0,0.0,0.0,0.0,92732.88,927.4833,927.1342,0.022,0.0,2021,9,27,23,0
"2021-09-28 00:00:00",1975.0,"4720",10.49,26.86,1.51,0.651,341.0,295.59,285.14,52.65,23.21,21.88,12.68,11.77,52.95,50.43,0.0,0.0,0.0,0.0,92677.34,927.1907,926.4699,0.015,0.0,2021,9,28,0,0
"2021-09-28 01:00:00",1976.0,"4720",10.49,25.52,1.89,0.647,341.7,294.72999999999996,284.96,54.67,22.02,21.29,12.03,11.69,54.79,52.65,0.0,0.0,0.0,0.0,92606.56999999999,926.5181,925.684,0.014,0.0,2021,9,28,1,0
"2021-09-28 02:00:00",1977.0,"4720",10.45,24.98,3.95,0.888,2.967,294.82,285.10999999999996,55.12,22.06,21.29,12.19,11.81,55.32,53.17,0.0,0.0,0.0,0.0,92526.34000000001,925.7289,924.9022,0.021,0.0,2021,9,28,2,0
"2021-09-28 03:00:00",1978.0,"4720",10.43,24.77,2.9,0.775,350.7,294.09,285.09999999999997,56.16,21.47,20.56,12.25,11.78,57.65,55.06,0.0,0.0,0.0,0.0,92494.32,925.0127,924.8192,0.016,0.0,2021,9,28,3,0
"2021-09-28 04:00:00",1979.0,"4720",10.41,24.39,3.2,1.014,8.41,294.26,285.23999999999995,56.82,21.34,20.96,12.29,12.02,56.95,55.97,0.0,0.0,0.0,0.0,92507.0,925.3693,924.9189,0.023,0.0,2021,9,28,4,0
"2021-09-28 05:00:00",1980.0,"4720",10.37,24.72,5.33,1.7,20.95,294.22999999999996,285.35999999999996,57.97,21.66,20.76,12.45,12.05,57.99,55.45,0.0,0.0,0.0,0.0,92570.72,926.114,925.3363,0.038,0.0,2021,9,28,5,0
"2021-09-28 06:00:00",1981.0,"4720",10.36,24.48,5.13,1.785,24.2,293.66999999999996,285.59999999999997,59.68,21.14,20.11,13.01,12.15,61.16,57.86,0.0,12.1948,0.0439013,44.74,92648.29999999999,926.9048,926.077,0.037,0.074,2021,9,28,6,0
"2021-09-28 07:00:00",1982.0,"4720",10.37,27.92,5.19,1.782,29.76,294.92999999999995,286.28,54.66,23.14,20.96,13.56,12.81,59.96,54.48,0.0,147.2298,0.5300274,274.5,92722.47,927.6436,926.843,0.123,0.788,2021,9,28,7,0
"2021-09-28 08:00:00",1983.0,"4720",10.47,33.18,8.54,2.803,39.39,297.96999999999997,286.15999999999997,44.26,26.0,23.06,13.68,12.66,54.76,44.26,0.0,384.8633,1.38551,495.1,92787.32,928.0993,927.5986,0.325,1.697,2021,9,28,8,0
"2021-09-28 09:00:00",1984.0,"4720",10.83,36.7,8.23,3.077,53.9,299.79999999999995,286.25,42.37,27.57,25.82,13.73,12.74,44.64,41.78,0.0,594.2143,2.139171,690.7,92809.61,928.2371,927.9063,0.492,2.514,2021,9,28,9,0
"2021-09-28 10:00:00",1985.0,"4720",11.1,38.2,8.9,2.958,61.36,301.35999999999996,286.63,38.53,29.34,27.26,13.94,13.0,42.95,37.42,0.0,762.6266,2.745455,826.0,92771.48,928.1299,927.4443,0.625,3.149,2021,9,28,10,0
"2021-09-28 11:00:00",1986.0,"4720",11.25,40.54,9.1,2.948,51.24,302.90999999999997,286.19,35.86,30.96,28.84,13.84,12.54,38.66,33.58,0.0,813.6558,2.929167,1157.0,92714.94,927.5885,926.5682,0.69,3.556,2021,9,28,11,0
"2021-09-28 12:00:00",1987.0,"4720",11.32,41.28,7.26,2.715,50.63,303.47999999999996,285.78999999999996,31.05,31.46,29.3,13.31,12.1,36.05,30.91,0.0,756.3773,2.722956,1083.0,92617.0,926.7419,925.6349,0.662,3.694,2021,9,28,12,0
"2021-09-28 13:00:00",1988.0,"4720",11.83,45.81,6.91,2.356,43.39,305.06,285.5,29.32,33.02,31.26,12.91,11.88,31.86,28.5,0.0,850.6111,3.062201,885.0,92525.65,925.6705,924.7748,0.727,3.551,2021,9,28,13,0
"2021-09-28 14:00:00",1989.0,"4720",11.73,48.58,6.74,1.911,42.54,305.83,285.33,28.29,33.36,32.18,12.78,11.74,30.01,27.6,0.0,741.1185,2.668025,811.0,92442.08,924.8471,923.9089,0.637,3.137,2021,9,28,14,0
"2021-09-28 15:00:00",1990.0,"4720",11.53,49.6,5.83,1.594,69.82,306.27,285.01,26.95,33.75,32.38,12.61,11.08,29.13,26.1,0.0,566.4135,2.039084,654.5,92384.47,924.0707,923.6112,0.493,2.49,2021,9,28,15,0
"2021-09-28 16:00:00",1991.0,"4720",11.37,49.65,5.17,1.501,96.1,306.26,284.90999999999997,27.99,33.78,32.64,12.46,11.35,28.05,26.42,0.0,348.7903,1.255643,497.9,92355.06,923.6886,923.4155,0.325,1.662,2021,9,28,16,0
"2021-09-28 17:00:00",1992.0,"4720",10.81,47.34,4.61,1.252,69.97,305.10999999999996,284.76,30.13,33.28,30.87,12.25,11.3,30.39,27.07,0.0,130.7454,0.4706838,250.4,92364.28,923.7561,923.5192,0.149,0.749,2021,9,28,17,0
"2021-09-28 18:00:00",1993.0,"4720",10.63,41.2,3.36,1.004,77.01,303.26,284.15,31.49,31.11,29.16,11.65,10.49,31.64,30.0,0.0,17.71378,0.06376953,69.28,92396.01,924.2164,923.7199,-0.004,0.062,2021,9,28,18,0
"2021-09-28 19:00:00",1994.0,"4720",10.63,36.61,2.16,0.659,57.46,301.51,283.52,34.35,29.34,27.39,10.81,10.19,34.56,31.49,0.0,0.0,0.0,0.0,92447.17000000001,924.7974,924.1881,0.011,0.0,2021,9,28,19,0
"2021-09-28 20:00:00",1995.0,"4720",10.6,33.73,0.78,0.401,356.2,299.78,283.41999999999996,36.69,27.55,26.07,10.68,9.99,36.92,34.35,0.0,0.0,0.0,0.0,92496.95,925.2338,924.7648,-0.006,0.0,2021,9,28,20,0
"2021-09-28 21:00:00",1996.0,"4720",10.57,31.18,1.56,0.789,354.3,298.14,283.09999999999997,39.68,26.19,24.17,10.37,9.73,40.39,36.56,0.0,0.0,0.0,0.0,92522.89,925.3716,925.1287,0.014,0.0,2021,9,28,21,0
"2021-09-28 22:00:00",1997.0,"4720",10.54,28.78,1.64,0.723,340.9,297.34999999999997,283.17999999999995,42.22,24.74,23.84,10.53,9.8,42.35,39.42,0.0,0.0,0.0,0.0,92555.12,925.6947,925.3395,0.009,0.0,2021,9,28,22,0
"2021-09-28 23:00:00",1998.0,"4720",10.5,27.75,1.4,0.636,319.0,297.17999999999995,283.84999999999997,43.85,24.45,23.65,11.03,10.33,44.38,42.09,0.0,0.0,0.0,0.0,92555.7,925.6879,925.4601,0.004,0.0,2021,9,28,23,0
"2021-09-29 00:00:00",1999.0,"4720",10.49,27.02,1.6,0.62,324.0,296.42999999999995,283.9,46.46,23.89,22.86,11.16,10.54,46.81,43.59,0.0,0.0,0.0,0.0,92547.19,925.5997,925.3392,0.003,0.0,2021,9,29,0,0
"2021-09-29 01:00:00",2000.0,"4720",10.48,26.0,1.4,0.621,339.6,295.87,284.13,49.0,23.17,22.2,11.32,10.86,49.22,46.46,0.0,0.0,0.0,0.0,92510.28,925.3749,924.8456,0.002,0.0,2021,9,29,1,0
"2021-09-29 02:00:00",2001.0,"4720",10.47,25.42,1.11,0.414,352.2,294.92999999999995,284.91999999999996,57.93,22.38,21.22,12.87,11.0,58.05,49.0,0.0,0.0,0.0,0.0,92464.70000000001,924.8777,924.4952,-0.008,0.0,2021,9,29,2,0
"2021-09-29 03:00:00",2002.0,"4720",10.42,24.43,1.94,0.684,338.2,294.4,286.02,58.6,21.58,21.09,13.3,12.55,59.78,57.86,0.0,0.0,0.0,0.0,92445.03,924.5305,924.3805,0.0,0.0,2021,9,29,3,0
"2021-09-29 04:00:00",2003.0,"4720",10.42,24.29,3.82,0.894,15.53,294.34999999999997,285.92999999999995,57.41,21.59,20.96,13.16,12.32,60.32,57.14,0.0,0.0,0.0,0.0,92464.04,925.032,924.3611,0.006,0.0,2021,9,29,4,0
"2021-09-29 05:00:00",2004.0,"4720",10.39,24.48,5.57,1.849,22.85,294.01,285.90999999999997,60.14,21.27,20.63,13.31,12.36,61.36,57.4,0.0,0.0,0.0,0.0,92541.28,925.7712,924.993,0.027,0.0,2021,9,29,5,0
"2021-09-29 06:00:00",2005.0,"4720",10.39,24.37,5.12,1.759,25.59,293.54999999999995,285.84,61.97,20.83,20.24,12.94,12.57,62.25,60.14,0.0,"NAN","NAN","NAN",92620.12,926.6953,925.7303,0.041,0.077,2021,9,29,6,0
"2021-09-29 07:00:00",2006.0,"4720",10.41,26.84,3.96,1.317,33.55,294.15,286.40999999999997,59.04,22.47,20.24,14.13,12.73,62.63,58.91,0.0,132.7074,0.4777472,247.5,92713.04000000001,927.5597,926.658,0.102,0.799,2021,9,29,7,0
"2021-09-29 08:00:00",2007.0,"4720",10.53,32.19,7.16,2.386,66.71,297.07,287.28,50.84,25.04,22.34,14.49,13.88,59.3,50.77,0.0,361.8677,1.302723,472.3,92776.06,928.0037,927.4946,0.287,1.702,2021,9,29,8,0
"2021-09-29 09:00:00",2008.0,"4720",10.97,35.21,7.69,2.926,60.27,298.92999999999995,287.22999999999996,45.83,26.85,24.83,14.44,13.84,51.21,45.82,0.0,572.8472,2.062249,662.9,92793.1,928.0498,927.7067,0.458,2.518,2021,9,29,9,0
"2021-09-29 10:00:00",2009.0,"4720",11.16,37.76,8.16,2.766,64.48,300.95,287.29999999999995,40.16,29.08,26.6,14.57,13.84,46.4,40.09,0.0,741.1981,2.668316,817.0,92754.69,927.9066,927.087,0.597,3.153,2021,9,29,10,0
"2021-09-29 11:00:00",2010.0,"4720",11.84,39.8,8.01,2.809,64.09,302.76,286.98999999999995,35.94,30.69,28.64,14.57,13.44,41.0,35.47,0.0,852.2698,3.068177,880.0,92683.42,927.285,926.318,0.705,3.556,2021,9,29,11,0
"2021-09-29 12:00:00",2011.0,"4720",11.82,42.61,8.76,2.513,69.18,304.46999999999997,286.5,32.16,32.53,30.28,13.95,13.02,36.19,31.24,0.0,867.9055,3.12446,886.0,92593.23000000001,926.4458,925.412,0.737,3.694,2021,9,29,12,0
"2021-09-29 13:00:00",2012.0,"4720",11.82,46.28,7.9,2.262,66.7,305.59999999999997,286.12,29.09,33.2,31.72,13.62,12.43,32.36,29.03,0.0,820.5571,2.954006,852.0,92494.53,925.5022,924.4242,0.71,3.55,2021,9,29,13,0
"2021-09-29 14:00:00",2013.0,"4720",11.61,48.96,5.48,1.929,71.13,306.65999999999997,285.4,26.1,34.27,32.71,13.17,11.48,29.27,25.97,0.0,706.1049,2.541981,774.7,92409.28,924.4983,923.7554,0.623,3.142,2021,9,29,14,0
"2021-09-29 15:00:00",2014.0,"4720",11.47,49.33,6.71,1.778,67.97,307.05999999999995,284.51,25.45,34.57,33.36,12.22,10.76,26.88,24.4,0.0,523.8818,1.885976,617.3,92360.42,923.8043,923.4576,0.485,2.498,2021,9,29,15,0
"2021-09-29 16:00:00",2015.0,"4720",11.35,48.96,4.69,1.584,71.55,306.57,283.97999999999996,25.97,33.84,33.03,11.46,10.37,26.1,24.6,0.0,327.6058,1.179379,426.2,92371.09,923.7905,923.5333,0.323,1.671,2021,9,29,16,0
"2021-09-29 17:00:00",2016.0,"4720",10.89,46.65,4.7,1.222,79.61,305.71999999999997,284.71,29.15,33.48,31.78,12.0,11.16,29.36,25.9,0.0,133.0404,0.4789453,231.1,92390.62,924.2247,923.5348,0.15,0.751,2021,9,29,17,0
"2021-09-29 18:00:00",2017.0,"4720",10.66,42.18,4.05,0.804,60.84,303.57,284.59999999999997,33.18,31.92,29.09,11.9,11.22,33.34,28.89,0.0,10.34077,0.03722676,48.78,92442.26999999999,924.692,924.1721,0.024,0.062,2021,9,29,18,0
"2021-09-29 19:00:00",2018.0,"4720",10.63,36.39,0.85,0.399,330.3,300.9,284.62,38.32,29.21,26.93,11.94,11.23,38.53,33.18,0.0,0.0,0.0,0.0,92492.04999999999,925.2142,924.6528,-0.003,0.0,2021,9,29,19,0
"2021-09-29 20:00:00",2019.0,"4720",10.6,32.64,0.82,0.405,343.9,299.92999999999995,284.78,39.43,27.19,26.4,11.97,11.45,39.88,38.0,0.0,0.0,0.0,0.0,92538.86,925.6483,925.1876,-0.003,0.0,2021,9,29,20,0
"2021-09-29 21:00:00",2020.0,"4720",10.58,31.19,2.51,0.445,340.7,298.85999999999996,284.90999999999997,44.13,26.65,24.83,12.09,11.55,44.54,39.43,0.0,0.0,0.0,0.0,92584.81,926.1816,925.6245,-0.001,0.0,2021,9,29,21,0
"2021-09-29 22:00:00",2021.0,"4720",10.53,29.87,1.16,0.564,332.1,298.53,285.09999999999997,42.88,25.8,24.83,12.47,11.68,44.77,42.36,0.0,0.0,0.0,0.0,92622.42,926.3728,926.1537,0.004,0.0,2021,9,29,22,0
"2021-09-29 23:00:00",2022.0,"4720",10.53,29.72,1.69,0.591,236.5,297.82,285.27,47.05,25.65,23.85,12.77,11.82,47.39,42.82,0.0,0.0,0.0,0.0,92645.2,926.5901,926.2888,0.005,0.0,2021,9,29,23,0
"2021-09-30 00:00:00",2023.0,"4720",10.5,28.21,2.51,0.894,283.2,297.59999999999997,285.46999999999997,46.66,24.94,24.17,12.76,12.02,48.0,45.74,0.0,0.0,0.0,0.0,92634.97,926.5306,926.1934,0.016,0.0,2021,9,30,0,0
"2021-09-30 01:00:00",2024.0,"4720",10.48,28.11,2.55,1.105,286.8,296.23999999999995,285.28,50.31,24.32,22.47,12.54,11.81,51.82,46.53,0.0,0.0,0.0,0.0,92612.26000000001,926.3331,925.7593,0.021,0.0,2021,9,30,1,0
"2021-09-30 02:00:00",2025.0,"4720",10.47,27.07,3.54,1.379,312.5,296.40999999999997,285.54999999999995,52.0,23.7,22.73,12.74,12.13,52.14,49.07,0.0,0.0,0.0,0.0,92569.31,925.8214,925.5836,0.029,0.0,2021,9,30,2,0
"2021-09-30 03:00:00",2026.0,"4720",10.44,26.58,1.65,0.673,323.2,295.62,285.33,51.74,22.9,22.2,12.56,11.87,52.72,51.22,0.0,0.0,0.0,0.0,92567.56,925.7634,925.5665,0.005,0.0,2021,9,30,3,0
"2021-09-30 04:00:00",2027.0,"4720",10.38,25.71,2.52,0.816,358.7,295.35999999999996,284.78999999999996,49.78,22.51,22.01,12.07,11.28,52.19,49.71,0.0,0.0,0.0,0.0,92581.42,926.056,925.5649,0.01,0.0,2021,9,30,4,0
"2021-09-30 05:00:00",2028.0,"4720",10.39,27.08,4.08,1.382,26.65,296.39,284.27,47.5,23.76,22.27,11.42,11.02,49.84,45.22,0.0,0.0,0.0,0.0,92654.65000000001,927.0757,926.0406,0.032,0.0,2021,9,30,5,0
"2021-09-30 06:00:00",2029.0,"4720",10.38,26.9,5.75,1.58,13.86,295.67999999999995,284.38,48.42,23.06,22.01,11.68,11.02,49.96,47.5,0.0,9.265352,0.03335526,36.98,92757.06,928.0487,927.0548,0.06,0.081,2021,9,30,6,0
"2021-09-30 07:00:00",2030.0,"4720",10.42,28.98,6.4,2.447,24.18,296.59999999999997,285.90999999999997,55.53,24.11,22.92,14.72,11.44,55.7,47.89,0.0,120.8518,0.435066,218.0,92847.54000000001,928.8254,927.9882,0.153,0.813,2021,9,30,7,0
"2021-09-30 08:00:00",2031.0,"4720",10.54,32.9,8.64,2.843,48.11,298.15999999999997,289.40999999999997,58.09,26.02,23.98,17.09,14.56,60.01,55.53,0.0,336.0526,1.209791,449.7,92897.52,929.3016,928.7125,0.284,1.7,2021,9,30,8,0
"2021-09-30 09:00:00",2032.0,"4720",10.9,36.92,6.81,2.503,53.5,299.85999999999996,290.04999999999995,50.91,28.18,25.69,17.32,16.71,58.2,50.91,0.0,539.1913,1.941086,621.9,92942.0,929.6359,929.2328,0.428,2.503,2021,9,30,9,0
"2021-09-30 10:00:00",2033.0,"4720",11.01,38.26,6.06,1.852,58.95,301.38,290.07,48.65,29.17,27.72,17.4,16.58,51.76,47.92,0.0,521.6362,1.877889,823.0,92950.73999999999,929.6478,929.3245,0.434,3.132,2021,9,30,10,0
"2021-09-30 11:00:00",2034.0,"4720",11.06,41.83,4.92,1.544,105.8,302.73999999999995,290.06,42.39,31.25,28.25,17.48,16.38,50.88,42.19,0.0,726.7393,2.616258,950.0,92876.9,929.3685,928.1498,0.582,3.528,2021,9,30,11,0
"2021-09-30 12:00:00",2035.0,"4720",11.21,42.23,6.56,1.822,145.3,303.26,290.35999999999996,44.66,31.34,29.42,18.0,16.55,48.94,42.13,0.0,483.7591,1.741536,882.0,92762.35,928.1718,927.0998,0.436,3.653,2021,9,30,12,0
"2021-09-30 13:00:00",2036.0,"4720",11.44,43.39,7.92,3.131,176.5,303.76,290.35999999999996,46.56,31.22,30.02,18.16,16.17,47.67,41.15,0.0,708.4562,2.550442,839.0,92669.32,927.15,926.1366,0.622,3.505,2021,9,30,13,0
"2021-09-30 14:00:00",2037.0,"4720",11.48,43.43,8.9,3.515,184.9,303.69,291.01,45.8,31.23,29.95,18.49,17.32,48.78,44.21,0.0,568.305,2.045897,698.9,92597.22,926.3987,925.3865,0.532,3.084,2021,9,30,14,0
"2021-09-30 15:00:00",2038.0,"4720",11.25,43.31,8.16,3.815,185.3,304.02,289.44,38.41,31.57,30.41,18.04,14.25,46.69,36.32,0.0,429.6375,1.546696,566.6,92527.91,925.612,924.9562,0.466,2.456,2021,9,30,15,0
"2021-09-30 16:00:00",2039.0,"4720",10.96,42.41,7.94,4.024,171.3,303.71,287.22999999999996,35.53,31.07,29.95,15.23,12.99,38.73,35.21,0.0,229.3251,0.82557,388.0,92523.5,925.4415,924.9979,0.359,1.653,2021,9,30,16,0
"2021-09-30 17:00:00",2040.0,"4720",10.67,39.31,8.27,3.932,170.6,302.58,286.65999999999997,40.35,30.18,28.89,14.36,12.75,40.55,35.53,0.0,63.48942,0.2285628,101.5,92563.56,925.9405,925.173,0.251,0.747,2021,9,30,17,0
"2021-09-30 18:00:00",2041.0,"4720",10.63,36.41,8.15,3.397,174.3,301.33,287.48999999999995,43.81,29.09,27.52,14.74,14.02,44.12,40.28,0.0,"NAN","NAN","NAN",92615.61,926.4104,925.7628,0.143,0.063,2021,9,30,18,0
"2021-09-30 19:00:00",2042.0,"4720",10.62,33.55,9.19,3.352,183.4,300.0,287.82,58.47,27.7,25.75,17.16,14.0,58.57,43.61,0.0,0.0,0.0,0.0,92677.08,927.2516,926.2708,0.094,0.0,2021,9,30,19,0
"2021-09-30 20:00:00",2043.0,"4720",10.59,31.46,9.15,4.116,186.0,298.01,290.87,69.41,25.88,23.91,18.23,16.97,69.59,58.47,0.0,0.0,0.0,0.0,92757.97,927.978,927.0272,0.066,0.0,2021,9,30,20,0
"2021-09-30 21:00:00",2044.0,"4720",10.56,29.54,9.56,3.453,193.5,296.35999999999996,291.23999999999995,75.73,24.09,22.54,18.31,17.99,75.86,69.41,0.0,0.0,0.0,0.0,92821.3,928.5515,927.6083,0.041,0.0,2021,9,30,21,0
"2021-09-30 22:00:00",2045.0,"4720",10.54,27.91,7.27,2.984,192.0,295.14,291.27,81.3,22.72,21.48,18.35,18.01,81.5,75.73,0.0,0.0,0.0,0.0,92845.56999999999,928.6382,928.2484,0.027,0.0,2021,9,30,22,0
"2021-09-30 23:00:00",2046.0,"4720",10.52,26.38,7.28,3.12,190.5,294.22999999999996,291.28,84.5,21.66,20.76,18.35,18.03,84.8,81.1,0.0,0.0,0.0,0.0,92812.13,928.3764,927.8419,0.02,0.0,2021,9,30,23,0
"2021-10-01 00:00:00",2047.0,"4720",10.48,25.68,5.8,1.954,194.5,293.75,291.19,85.8,20.97,20.37,18.31,17.89,85.9,84.4,0.0,0.0,0.0,0.0,92784.51,928.0774,927.5813,0.01,0.0,2021,10,1,0,0
"2021-10-01 01:00:00",2048.0,"4720",10.46,25.32,5.64,2.288,189.3,293.26,290.84,86.2,20.55,19.78,18.1,17.39,86.4,85.5,0.0,0.0,0.0,0.0,92733.91,927.6206,927.0306,0.011,0.0,2021,10,1,1,0
"2021-10-01 02:00:00",2049.0,"4720",10.46,24.59,4.66,1.495,195.4,292.46999999999997,290.33,88.8,19.9,18.86,17.58,16.96,88.9,86.1,0.0,0.0,0.0,0.0,92683.0,927.0837,926.6521,0.005,0.0,2021,10,1,2,0
"2021-10-01 03:00:00",2050.0,"4720",10.43,23.3,3.9,1.429,198.7,291.92999999999995,290.21999999999997,91.1,19.1,18.6,17.33,16.96,91.2,88.8,0.0,0.0,0.0,0.0,92658.36,926.7501,926.491,0.002,0.0,2021,10,1,3,0
"2021-10-01 04:00:00",2051.0,"4720",10.4,23.19,3.68,1.372,194.2,291.71999999999997,290.40999999999997,92.4,18.78,18.47,17.51,17.06,92.6,91.1,0.0,0.0,0.0,0.0,92672.89,926.9113,926.5306,0.0,0.0,2021,10,1,4,0
"2021-10-01 05:00:00",2052.0,"4720",10.36,23.38,1.9,0.629,263.5,291.53999999999996,290.28999999999996,92.4,18.71,18.14,17.45,16.9,92.6,92.0,0.0,0.0,0.0,0.0,92688.95,926.9821,926.8298,-0.005,0.0,2021,10,1,5,0
"2021-10-01 06:00:00",2053.0,"4720",10.35,22.6,2.4,0.718,337.0,291.39,290.09999999999997,91.5,18.71,18.07,17.34,16.74,92.8,91.4,0.0,"NAN","NAN","NAN",92736.40000000001,927.874,926.9393,-0.017,0.084,2021,10,1,6,0
"2021-10-01 07:00:00",2054.0,"4720",10.42,26.3,3.87,1.243,25.45,293.0,290.37,77.37,21.25,18.6,17.51,16.91,91.6,77.23,0.0,152.8631,0.550307,295.7,92829.98999999999,928.6621,927.8396,0.086,0.809,2021,10,1,7,0
"2021-10-01 08:00:00",2055.0,"4720",10.73,30.09,3.63,1.392,34.61,295.23999999999995,289.85999999999996,65.7,23.31,21.03,17.27,16.31,77.5,65.63,0.0,259.8849,0.9355859,350.9,92908.06999999999,929.3918,928.6277,0.187,1.709,2021,10,1,8,0
"2021-10-01 09:00:00",2056.0,"4720",10.98,34.41,5.11,1.497,79.15,297.77,289.47999999999996,54.1,26.2,23.06,16.94,15.96,66.42,54.1,0.0,399.0353,1.436527,741.9,92952.28,929.6505,929.2834,0.307,2.52,2021,10,1,9,0
"2021-10-01 10:00:00",2057.0,"4720",11.1,37.99,6.5,2.032,71.11,300.32,289.37,49.77,28.18,26.02,16.81,15.87,54.42,48.83,0.0,633.2449,2.279685,912.0,92922.77,929.4247,928.9954,0.498,3.151,2021,10,1,10,0
"2021-10-01 11:00:00",2058.0,"4720",11.14,39.62,5.46,1.719,96.4,301.42999999999995,289.17999999999995,47.66,29.31,27.79,16.59,15.66,49.75,44.92,0.0,493.4578,1.776445,937.0,92869.98999999999,929.1079,928.1798,0.424,3.549,2021,10,1,11,0
"2021-10-01 12:00:00",2059.0,"4720",10.86,38.49,4.5,1.151,154.6,300.66999999999996,288.88,48.18,28.26,27.06,16.38,15.26,49.86,47.07,0.0,134.2486,0.483296,266.9,92772.85,928.3475,927.1412,0.157,3.68,2021,10,1,12,0
"2021-10-01 13:00:00",2060.0,"4720",10.98,41.78,3.81,1.333,170.4,301.78,288.53999999999996,38.03,31.4,27.19,16.09,14.43,49.08,36.52,0.0,487.5385,1.755135,919.0,92659.62,927.2093,925.9261,0.413,3.534,2021,10,1,13,0
"2021-10-01 14:00:00",2061.0,"4720",11.16,45.46,5.53,1.609,140.0,304.37,286.89,31.56,32.11,30.28,15.71,12.04,38.35,30.85,0.0,534.0396,1.922542,914.0,92553.33,926.0286,925.0701,0.474,3.136,2021,10,1,14,0
"2021-10-01 15:00:00",2062.0,"4720",11.07,44.5,6.06,1.558,28.93,304.37,286.22999999999996,32.67,32.43,30.15,14.47,11.42,37.7,29.22,0.0,398.0291,1.432905,697.1,92471.42,925.1116,924.3903,0.373,2.49,2021,10,1,15,0
"2021-10-01 16:00:00",2063.0,"4720",11.05,43.13,4.5,1.316,150.8,304.08,285.95,35.99,31.88,30.15,13.87,11.94,36.32,31.63,0.0,175.8674,0.6331216,451.2,92446.12,924.5509,924.3572,0.21,1.664,2021,10,1,16,0
"2021-10-01 17:00:00",2064.0,"4720",10.82,40.88,4.7,1.715,191.2,302.78,286.33,34.55,30.33,29.36,13.81,12.19,37.4,34.36,0.0,88.16534,0.3173946,124.0,92446.28,924.5497,924.3417,0.153,0.75,2021,10,1,17,0
"2021-10-01 18:00:00",2065.0,"4720",10.62,37.17,3.31,1.598,178.6,301.65,285.21,38.85,29.62,27.52,12.46,11.81,38.97,34.42,0.0,12.92131,0.04651671,55.11,92471.67,924.9608,924.4666,0.056,0.063,2021,10,1,18,0
"2021-10-01 19:00:00",2066.0,"4720",10.62,33.52,4.05,1.482,191.2,299.87,285.37,42.1,27.68,25.88,12.55,12.06,42.55,38.78,0.0,0.0,0.0,0.0,92520.0,925.5466,924.9181,0.06,0.0,2021,10,1,19,0
"2021-10-01 20:00:00",2067.0,"4720",10.6,31.35,3.19,1.002,198.1,298.37,285.47999999999996,47.51,26.32,24.17,12.64,12.13,47.71,41.97,0.0,0.0,0.0,0.0,92590.22,926.1965,925.5231,0.038,0.0,2021,10,1,20,0
"2021-10-01 21:00:00",2068.0,"4720",10.57,29.16,2.06,0.589,258.8,296.89,285.71,50.05,24.32,23.45,12.99,12.32,50.55,47.51,0.0,0.0,0.0,0.0,92624.57,926.448,926.069,0.019,0.0,2021,10,1,21,0
"2021-10-01 22:00:00",2069.0,"4720",10.56,27.68,3.96,1.292,282.2,297.10999999999996,286.06,52.07,24.29,23.52,13.26,12.71,52.07,49.46,0.0,0.0,0.0,0.0,92647.48,926.6235,926.3726,0.041,0.0,2021,10,1,22,0
"2021-10-01 23:00:00",2070.0,"4720",10.54,27.5,4.68,1.205,204.1,295.51,287.34,64.9,23.66,21.75,15.13,13.14,65.09,52.07,0.0,0.0,0.0,0.0,92622.33,926.5161,925.9159,0.029,0.0,2021,10,1,23,0
"2021-10-02 00:00:00",2071.0,"4720",10.52,26.0,3.47,1.434,276.8,294.79999999999995,287.98999999999995,67.12,22.05,20.89,15.3,14.29,67.26,63.92,0.0,0.0,0.0,0.0,92557.87,925.9498,925.1968,0.029,0.0,2021,10,2,0,0
"2021-10-02 01:00:00",2072.0,"4720",10.49,25.5,3.41,1.443,290.7,293.73999999999995,287.87,70.83,21.03,20.11,14.98,14.54,70.94,67.12,0.0,0.0,0.0,0.0,92480.83,925.2219,924.2856,0.024,0.0,2021,10,2,1,0
"2021-10-02 02:00:00",2073.0,"4720",10.47,24.6,2.66,0.963,252.3,292.51,287.66999999999996,72.58,20.29,18.6,15.06,14.16,76.48,70.18,0.0,0.0,0.0,0.0,92419.51000000001,924.3248,924.0844,0.013,0.0,2021,10,2,2,0
"2021-10-02 03:00:00",2074.0,"4720",10.44,23.43,3.6,1.036,350.2,293.25,286.92999999999995,66.85,20.55,19.38,14.53,13.43,72.7,65.15,0.0,0.0,0.0,0.0,92388.01,924.1577,923.7113,0.019,0.0,2021,10,2,3,0
"2021-10-02 04:00:00",2075.0,"4720",10.42,24.12,4.6,1.5,13.74,293.56,287.38,68.19,20.74,20.24,14.56,13.96,68.25,66.85,0.0,0.0,0.0,0.0,92363.54,923.7863,923.4942,0.026,0.0,2021,10,2,4,0
"2021-10-02 05:00:00",2076.0,"4720",10.39,24.1,4.11,1.541,20.14,293.23999999999995,287.57,71.09,20.58,19.78,14.65,14.33,71.3,68.16,0.0,0.0,0.0,0.0,92405.66,924.4482,923.7362,0.025,0.0,2021,10,2,5,0
"2021-10-02 06:00:00",2077.0,"4720",10.37,24.07,6.4,2.026,22.53,293.2,287.85999999999996,70.38,20.61,19.78,15.11,14.41,72.09,70.24,0.0,"NAN","NAN","NAN",92494.01000000001,925.3613,924.4042,0.029,0.088,2021,10,2,6,0
"2021-10-02 07:00:00",2078.0,"4720",10.39,27.73,7.24,2.205,26.39,294.35999999999996,288.4,64.65,22.65,20.44,15.76,14.88,70.83,64.64,0.0,164.1871,0.5910731,291.7,92577.76,926.1765,925.3208,0.124,0.828,2021,10,2,7,0
"2021-10-02 08:00:00",2079.0,"4720",10.48,33.17,6.98,2.427,42.72,297.10999999999996,288.9,57.88,25.25,22.47,16.33,15.47,64.82,57.16,0.0,405.9778,1.46152,531.7,92641.13,926.6691,926.1061,0.302,1.728,2021,10,2,8,0
"2021-10-02 09:00:00",2080.0,"4720",10.99,36.57,8.04,2.862,60.12,299.2,289.65999999999997,54.24,27.07,25.03,17.09,16.14,57.99,53.72,0.0,616.2556,2.21852,706.4,92673.25,926.8842,926.545,0.47,2.53,2021,10,2,9,0
"2021-10-02 10:00:00",2081.0,"4720",11.08,38.35,8.44,2.845,51.54,301.16999999999996,290.04999999999995,48.05,29.37,26.87,17.3,16.61,54.57,47.27,0.0,768.087,2.765108,873.0,92654.5,926.7565,926.2053,0.604,3.154,2021,10,2,10,0
"2021-10-02 11:00:00",2082.0,"4720",11.14,40.13,8.82,2.853,58.77,302.53999999999996,290.02,43.62,30.71,28.51,17.41,16.55,49.22,43.62,0.0,869.3982,3.129831,928.0,92602.20000000001,926.3723,925.4178,0.698,3.547,2021,10,2,11,0
"2021-10-02 12:00:00",2083.0,"4720",11.83,42.73,8.48,2.66,57.43,304.03,289.96,41.74,31.78,29.89,17.34,16.39,45.31,40.89,0.0,913.6096,3.289,931.0,92481.2,925.5496,924.0873,0.751,3.674,2021,10,2,12,0
"2021-10-02 13:00:00",2084.0,"4720",11.43,46.16,7.0,2.631,52.79,305.24,289.62,37.96,32.86,31.33,17.19,15.44,42.01,36.59,0.0,859.0238,3.092483,925.0,92354.71,924.244,922.9677,0.732,3.527,2021,10,2,13,0
"2021-10-02 14:00:00",2085.0,"4720",11.2,48.42,7.67,2.571,61.28,305.80999999999995,288.56,35.68,33.41,31.92,16.3,14.07,38.46,32.81,0.0,724.1974,2.607106,846.0,92258.61,923.0251,922.1237,0.645,3.122,2021,10,2,14,0
"2021-10-02 15:00:00",2086.0,"4720",11.08,47.76,6.27,2.214,65.46,305.53999999999996,287.84999999999997,33.46,33.34,31.66,15.49,13.65,37.25,32.42,0.0,410.6615,1.478379,701.0,92193.01000000001,922.2749,921.6471,0.418,2.479,2021,10,2,15,0
"2021-10-02 16:00:00",2087.0,"4720",11.04,46.36,5.76,2.007,63.96,305.37,287.27,31.97,32.9,31.33,14.9,13.43,36.26,31.63,0.0,317.8421,1.144231,474.0,92166.44,921.8056,921.5084,0.328,1.658,2021,10,2,16,0
"2021-10-02 17:00:00",2088.0,"4720",10.9,45.39,5.09,1.71,68.81,304.76,285.87,32.87,32.43,31.0,13.81,12.11,33.32,30.39,0.0,131.7866,0.4744309,243.3,92169.2,921.8784,921.5756,0.175,0.754,2021,10,2,17,0
"2021-10-02 18:00:00",2089.0,"4720",10.64,40.79,5.53,1.231,66.56,303.04999999999995,285.53,36.05,31.1,28.83,13.02,11.93,36.26,31.76,0.0,"NAN","NAN","NAN",92205.76,922.2512,921.828,0.044,0.064,2021,10,2,18,0
"2021-10-02 19:00:00",2090.0,"4720",10.63,35.8,2.34,0.517,32.07,300.85999999999996,285.58,41.78,29.01,26.47,12.7,12.27,41.97,36.05,0.0,0.0,0.0,0.0,92252.82999999999,922.8324,922.2148,0.005,0.0,2021,10,2,19,0
"2021-10-02 20:00:00",2091.0,"4720",10.59,32.44,1.02,0.445,346.0,299.23999999999995,285.96999999999997,45.62,26.61,25.68,13.25,12.38,45.77,41.71,0.0,0.0,0.0,0.0,92300.09999999999,923.2245,922.8032,-0.001,0.0,2021,10,2,20,0
"2021-10-02 21:00:00",2092.0,"4720",10.57,30.77,2.21,0.572,345.2,298.45,286.78,49.48,25.8,24.96,14.26,13.07,50.2,45.62,0.0,0.0,0.0,0.0,92354.95,923.8335,923.1799,0.004,0.0,2021,10,2,21,0
"2021-10-02 22:00:00",2093.0,"4720",10.54,29.37,1.71,0.597,349.1,297.51,287.13,54.22,25.34,23.78,14.49,13.77,54.47,49.4,0.0,0.0,0.0,0.0,92384.19,923.9294,923.7758,0.004,0.0,2021,10,2,22,0
"2021-10-02 23:00:00",2094.0,"4720",10.5,28.01,1.62,0.687,328.9,296.51,287.60999999999996,59.69,23.86,23.19,15.23,13.88,59.88,54.09,0.0,0.0,0.0,0.0,92367.76,923.897,923.5453,0.005,0.0,2021,10,2,23,0
"2021-10-03 00:00:00",2095.0,"4720",10.48,27.19,1.56,0.728,339.1,296.25,287.94,59.63,23.6,22.6,15.39,14.32,60.23,59.04,0.0,0.0,0.0,0.0,92338.15,923.5757,923.2117,0.005,0.0,2021,10,3,0,0
"2021-10-03 01:00:00",2096.0,"4720",10.46,27.01,2.32,0.742,1.692,295.96999999999997,287.45,57.09,23.56,22.47,14.69,14.07,59.91,57.02,0.0,0.0,0.0,0.0,92301.95,923.2343,922.7816,0.005,0.0,2021,10,3,1,0
"2021-10-03 02:00:00",2097.0,"4720",10.45,27.14,2.13,0.642,38.32,296.03,287.44,58.77,23.56,22.27,14.64,13.8,59.73,57.02,0.0,0.0,0.0,0.0,92280.55,922.9282,922.7343,0.002,0.0,2021,10,3,2,0
"2021-10-03 03:00:00",2098.0,"4720",10.42,26.17,2.33,0.846,358.2,295.0,287.62,66.86,22.43,21.75,15.54,13.62,66.91,58.65,0.0,0.0,0.0,0.0,92278.72,922.9252,922.6456,0.006,0.0,2021,10,3,3,0
"2021-10-03 04:00:00",2099.0,"4720",10.39,25.6,2.97,0.967,17.17,294.65999999999997,288.57,69.99,21.99,21.03,15.7,15.18,70.1,66.66,0.0,0.0,0.0,0.0,92287.53,923.1097,922.7368,0.006,0.0,2021,10,3,4,0
"2021-10-03 05:00:00",2100.0,"4720",10.36,25.13,7.37,1.248,29.18,294.23999999999995,288.15999999999997,62.1,22.64,20.44,15.54,14.7,71.42,62.1,0.0,0.0,0.0,0.0,92333.72,923.5898,923.0981,0.011,0.0,2021,10,3,5,0
"2021-10-03 06:00:00",2101.0,"4720",10.35,26.44,5.93,1.933,63.09,295.60999999999996,287.62,59.76,22.72,22.34,15.09,14.2,62.15,59.69,0.0,17.21841,0.0619863,56.94,92416.28,924.9762,923.5316,0.041,0.092,2021,10,3,6,0
"2021-10-03 07:00:00",2102.0,"4720",10.4,29.97,6.73,2.003,54.65,296.41999999999996,287.7,55.73,24.36,22.53,14.99,14.29,59.94,55.53,0.0,177.2829,0.6382192,308.0,92524.53,925.4964,924.9268,0.147,0.842,2021,10,3,7,0
"2021-10-03 08:00:00",2103.0,"4720",10.49,34.17,8.72,2.957,56.57,298.21999999999997,288.09999999999997,51.23,26.09,24.18,15.42,14.74,55.91,50.97,0.0,428.8144,1.543732,541.7,92570.72,925.9752,925.3664,0.343,1.746,2021,10,3,8,0
"2021-10-03 09:00:00",2104.0,"4720",10.94,37.56,7.77,2.859,57.42,299.98999999999995,288.46999999999997,47.59,28.07,25.82,15.86,14.97,51.62,46.61,0.0,639.6276,2.302655,718.4,92607.95000000001,926.2794,925.8049,0.504,2.553,2021,10,3,9,0
"2021-10-03 10:00:00",2105.0,"4720",11.16,39.5,8.15,2.496,68.76,301.84999999999997,288.79999999999995,41.86,30.09,27.66,16.18,15.21,48.01,41.27,0.0,795.3154,2.863141,866.0,92588.71,926.1675,925.5524,0.631,3.178,2021,10,3,10,0
"2021-10-03 11:00:00",2106.0,"4720",11.96,42.53,6.22,2.121,58.96,304.26,288.38,34.44,32.43,29.95,15.73,14.41,41.8,34.11,0.0,905.8497,3.261065,934.0,92530.93000000001,925.738,924.7841,0.738,3.577,2021,10,3,11,0
"2021-10-03 12:00:00",2107.0,"4720",11.86,44.75,7.4,2.225,56.13,305.91999999999996,288.27,33.27,33.5,31.92,15.84,14.55,36.56,32.94,0.0,918.2062,3.305538,941.0,92421.06,924.8856,923.4604,0.776,3.704,2021,10,3,12,0
"2021-10-03 13:00:00",2108.0,"4720",11.76,48.81,5.98,2.104,57.77,307.07,288.33,32.04,34.75,33.03,15.73,14.47,34.35,30.73,0.0,864.3871,3.111796,906.0,92302.0,923.5263,922.5724,0.746,3.549,2021,10,3,13,0
"2021-10-03 14:00:00",2109.0,"4720",11.67,51.06,6.07,1.931,66.63,307.79999999999995,288.17999999999995,30.51,35.64,34.09,15.59,14.65,32.49,29.49,0.0,742.7727,2.673977,808.0,92228.25,922.6363,921.9995,0.654,3.131,2021,10,3,14,0
"2021-10-03 15:00:00",2110.0,"4720",11.55,51.72,7.39,1.781,79.32,308.17999999999995,288.27,30.21,35.49,34.61,15.59,14.81,31.46,29.63,0.0,570.333,2.053194,668.3,92189.33,922.1335,921.5063,0.517,2.479,2021,10,3,15,0
"2021-10-03 16:00:00",2111.0,"4720",11.31,51.47,5.32,1.679,73.86,307.78,288.06,30.99,35.49,34.22,15.54,14.5,31.67,29.95,0.0,360.8924,1.299213,472.1,92175.05,921.8907,921.6351,0.348,1.656,2021,10,3,16,0
"2021-10-03 17:00:00",2112.0,"4720",10.78,48.89,5.33,1.456,84.7,306.72999999999996,287.69,33.09,34.55,32.7,15.08,14.29,33.22,30.73,0.0,140.3715,0.5053363,246.9,92198.67,922.1941,921.7922,0.167,0.75,2021,10,3,17,0
"2021-10-03 18:00:00",2113.0,"4720",10.64,43.84,4.58,1.15,66.96,304.62,287.13,36.12,32.82,30.4,14.58,13.68,36.23,33.0,0.0,10.20681,0.03674452,45.76,92234.58,922.7239,922.1233,0.05,0.064,2021,10,3,18,0
"2021-10-03 19:00:00",2114.0,"4720",10.62,37.8,1.99,0.53,22.4,302.48999999999995,286.73999999999995,40.76,30.53,28.11,13.95,13.35,40.76,36.05,0.0,0.0,0.0,0.0,92309.06999999999,923.6385,922.6917,0.001,0.0,2021,10,3,19,0
"2021-10-03 20:00:00",2115.0,"4720",10.59,34.44,1.26,0.61,343.9,300.87,286.63,41.91,28.25,27.52,13.8,13.35,42.17,40.67,0.0,0.0,0.0,0.0,92385.97,924.1271,923.6153,0.004,0.0,2021,10,3,20,0
"2021-10-03 21:00:00",2116.0,"4720",10.56,32.57,1.36,0.555,356.7,300.28,286.51,43.61,27.7,26.6,13.69,13.16,43.82,41.84,0.0,0.0,0.0,0.0,92420.01000000001,924.4533,924.0372,0.001,0.0,2021,10,3,21,0
"2021-10-03 22:00:00",2117.0,"4720",10.53,31.03,1.14,0.482,333.5,299.69,286.5,44.84,26.91,26.33,13.68,13.15,45.07,43.28,0.0,0.0,0.0,0.0,92463.42,924.8276,924.4276,-0.003,0.0,2021,10,3,22,0
"2021-10-03 23:00:00",2118.0,"4720",10.51,30.5,1.28,0.473,1.092,299.33,286.69,47.18,26.71,25.35,13.91,13.27,47.5,44.71,0.0,0.0,0.0,0.0,92464.81999999999,924.8278,924.325,-0.004,0.0,2021,10,3,23,0
"2021-10-04 00:00:00",2119.0,"4720",10.5,29.44,1.55,0.56,349.9,298.21999999999997,286.48999999999995,48.94,25.5,24.83,13.62,13.2,49.0,47.18,0.0,0.0,0.0,0.0,92434.86,924.4739,924.2388,-0.001,0.0,2021,10,4,0,0
"2021-10-04 01:00:00",2120.0,"4720",10.48,28.52,2.0,0.727,13.81,297.32,286.69,53.89,24.98,23.65,13.98,13.35,54.14,48.88,0.0,0.0,0.0,0.0,92418.06,924.2764,924.083,0.004,0.0,2021,10,4,1,0
"2021-10-04 02:00:00",2121.0,"4720",10.46,27.37,2.8,0.937,27.78,296.67999999999995,287.2,56.25,23.78,23.32,14.56,13.74,56.42,53.89,0.0,0.0,0.0,0.0,92418.44,924.4124,924.0594,0.01,0.0,2021,10,4,2,0
"2021-10-04 03:00:00",2122.0,"4720",10.42,26.98,2.95,0.969,352.9,296.14,287.64,59.73,23.65,22.73,14.95,14.11,60.5,56.11,0.0,0.0,0.0,0.0,92460.64,924.8148,924.3822,0.008,0.0,2021,10,4,3,0
"2021-10-04 04:00:00",2123.0,"4720",10.41,26.55,2.55,1.042,13.63,295.96,288.03999999999996,62.36,23.24,22.53,15.18,14.69,62.57,59.43,0.0,0.0,0.0,0.0,92491.7,925.221,924.7029,0.009,0.0,2021,10,4,4,0
"2021-10-04 05:00:00",2124.0,"4720",10.38,26.55,3.25,1.162,19.36,295.84,288.34999999999997,63.41,23.17,22.47,15.49,14.98,63.76,61.65,0.0,0.0,0.0,0.0,92554.26999999999,925.9625,925.2106,0.011,0.0,2021,10,4,5,0
"2021-10-04 06:00:00",2125.0,"4720",10.38,26.31,3.04,1.149,25.09,295.42999999999995,288.17999999999995,63.33,22.68,22.07,15.34,14.87,64.18,62.49,0.0,"NAN","NAN","NAN",92610.61,926.6618,925.6741,0.027,0.096,2021,10,4,6,0
"2021-10-04 07:00:00",2126.0,"4720",10.4,27.98,4.1,1.464,37.32,296.03999999999996,288.22999999999996,58.52,23.72,22.21,15.39,14.9,63.34,58.52,0.0,54.73001,0.1970279,70.2,92720.06,927.8228,926.5895,0.086,0.852,2021,10,4,7,0
"2021-10-04 08:00:00",2127.0,"4720",10.43,31.87,6.66,1.917,60.07,297.57,288.06,50.84,25.9,23.58,15.24,14.76,58.69,50.71,0.0,214.7859,0.7732295,442.4,92795.28,928.1674,927.771,0.205,1.757,2021,10,4,8,0
"2021-10-04 09:00:00",2128.0,"4720",11.0,37.09,5.78,2.206,61.15,299.79999999999995,288.23999999999995,46.68,27.91,25.43,15.68,14.68,51.75,46.35,0.0,514.6707,1.852812,601.7,92799.51999999999,928.167,927.7936,0.418,2.566,2021,10,4,9,0
"2021-10-04 10:00:00",2129.0,"4720",11.13,39.6,6.04,2.088,59.99,301.66999999999996,288.42999999999995,41.93,29.64,27.52,15.81,14.87,47.4,41.53,0.0,679.1539,2.444956,769.7,92801.64,928.1613,927.8129,0.55,3.193,2021,10,4,10,0
"2021-10-04 11:00:00",2130.0,"4720",11.51,42.47,5.51,1.674,82.3,303.44,288.51,38.61,31.39,29.3,15.91,14.75,42.79,37.95,0.0,803.2028,2.89153,836.0,92768.73000000001,928.0522,927.246,0.648,3.584,2021,10,4,11,0
"2021-10-04 12:00:00",2131.0,"4720",11.72,44.82,5.16,1.721,84.9,304.94,288.29999999999995,35.48,33.0,30.74,15.88,14.56,39.39,33.79,0.0,821.5812,2.957688,956.0,92669.84999999999,927.3,926.1129,0.682,3.71,2021,10,4,12,0
"2021-10-04 13:00:00",2132.0,"4720",11.53,46.73,4.93,1.39,115.5,305.35999999999996,288.15999999999997,33.6,33.5,31.4,15.62,14.64,36.9,33.53,0.0,592.728,2.133821,774.1,92572.94,926.1749,925.2383,0.518,3.558,2021,10,4,13,0
"2021-10-04 14:00:00",2133.0,"4720",11.3,48.09,4.29,1.493,134.2,305.9,288.34,33.59,33.55,32.05,15.76,14.85,36.4,33.53,0.0,517.1686,1.861798,772.8,92499.14,925.3158,924.7292,0.468,3.134,2021,10,4,14,0
"2021-10-04 15:00:00",2134.0,"4720",11.0,47.78,5.32,1.728,141.4,304.91999999999996,288.76,54.57,33.16,28.32,18.75,14.81,54.57,33.53,0.0,224.7579,0.8091288,496.2,92456.26,924.7753,924.317,0.272,2.478,2021,10,4,15,0
"2021-10-04 16:00:00",2135.0,"4720",10.65,41.81,13.26,2.7,186.6,298.31,291.02,83.5,29.28,21.03,19.94,15.61,84.0,44.13,0.0,47.79698,0.1720693,151.1,92490.03,925.5931,924.3885,0.117,1.638,2021,10,4,16,0
"2021-10-04 17:00:00",2136.0,"4720",10.64,29.96,3.41,1.006,247.2,296.16999999999996,291.5,67.78,24.28,21.22,19.56,17.07,85.0,65.69,43.0,18.81554,0.06773589,40.17,92514.12,925.5667,924.7367,0.036,0.74,2021,10,4,17,0
"2021-10-04 18:00:00",2137.0,"4720",10.6,29.92,5.62,0.913,222.7,297.5,291.25,68.77,24.81,24.04,19.02,17.22,71.82,64.07,355.6,"NAN","NAN","NAN",92549.68000000001,926.2401,924.8167,0.002,0.065,2021,10,4,18,0
"2021-10-04 19:00:00",2138.0,"4720",10.57,29.81,5.01,1.677,194.3,295.90999999999997,291.17999999999995,75.14,24.41,22.14,18.89,17.43,79.05,68.76,1013.0,0.0,0.0,0.0,92634.56999999999,926.5568,926.1084,0.028,0.0,2021,10,4,19,0
"2021-10-04 20:00:00",2139.0,"4720",10.54,27.78,5.08,1.753,197.8,295.65999999999997,290.88,80.2,22.91,22.01,18.69,17.14,80.3,70.91,0.0,0.0,0.0,0.0,92667.31,927.1389,926.2583,0.029,0.0,2021,10,4,20,0
"2021-10-04 21:00:00",2140.0,"4720",10.53,27.34,9.96,3.112,192.8,295.09999999999997,292.17999999999995,86.9,22.19,21.81,19.79,18.43,87.1,80.2,3453.0,0.0,0.0,0.0,92757.48,927.9478,927.0576,0.026,0.0,2021,10,4,21,0
"2021-10-04 22:00:00",2141.0,"4720",10.51,27.09,9.01,3.907,191.4,294.83,292.85999999999996,89.4,22.05,21.48,19.93,19.61,89.5,86.9,0.0,0.0,0.0,0.0,92805.47,928.3057,927.6777,0.02,0.0,2021,10,4,22,0
"2021-10-04 23:00:00",2142.0,"4720",10.49,26.58,7.76,3.25,193.1,294.59999999999997,292.92999999999995,90.3,21.73,21.35,20.01,19.7,90.7,89.2,1579.0,0.0,0.0,0.0,92802.45999999999,928.2368,927.6552,0.016,0.0,2021,10,4,23,0
"2021-10-05 00:00:00",2143.0,"4720",10.48,26.24,7.11,3.107,191.3,294.12,292.44,90.7,21.53,20.63,19.91,19.04,90.8,89.5,89.6,0.0,0.0,0.0,92765.12,927.933,927.3492,0.015,0.0,2021,10,5,0,0
"2021-10-05 01:00:00",2144.0,"4720",10.45,25.72,5.79,2.17,193.4,293.59,291.85999999999996,89.3,20.84,20.17,19.31,18.25,91.5,87.9,48.2,0.0,0.0,0.0,92727.43000000001,927.479,927.0416,0.012,0.0,2021,10,5,1,0
"2021-10-05 02:00:00",2145.0,"4720",10.42,24.91,5.97,1.95,195.3,292.95,291.31,90.8,20.35,19.52,18.63,17.99,91.1,89.3,0.2,0.0,0.0,0.0,92700.31,927.107,926.8359,0.011,0.0,2021,10,5,2,0
"2021-10-05 03:00:00",2146.0,"4720",10.4,24.18,5.16,2.005,193.2,292.57,291.0,90.6,19.68,19.32,18.16,17.69,91.0,90.2,0.0,0.0,0.0,0.0,92715.01,927.4041,926.9391,0.011,0.0,2021,10,5,3,0
"2021-10-05 04:00:00",2147.0,"4720",10.37,23.98,6.1,2.193,192.9,292.28,290.87,92.1,19.5,18.93,18.03,17.58,92.3,90.6,0.2,0.0,0.0,0.0,92753.19,927.7886,927.3146,0.01,0.0,2021,10,5,4,0
"2021-10-05 05:00:00",2148.0,"4720",10.33,23.82,5.71,2.448,192.5,292.03,290.83,92.9,19.17,18.73,17.93,17.55,93.1,92.1,0.0,0.0,0.0,0.0,92804.93000000001,928.406,927.6842,0.009,0.0,2021,10,5,5,0
"2021-10-05 06:00:00",2149.0,"4720",10.32,23.59,4.05,1.142,203.5,291.95,290.77,92.5,19.1,18.66,17.89,17.49,93.2,92.5,0.0,12.0612,0.04342032,41.19,92870.56,929.2085,928.3734,0.003,0.101,2021,10,5,6,0
"2021-10-05 07:00:00",2150.0,"4720",10.38,24.95,3.91,1.743,189.3,292.46,291.02,89.8,19.83,18.93,18.29,17.64,92.6,89.8,0.0,91.35949,0.3288947,268.2,92963.4,930.04,929.1663,0.061,0.852,2021,10,5,7,0
"2021-10-05 08:00:00",2151.0,"4720",10.63,28.7,4.49,1.809,176.4,293.59999999999997,291.22999999999996,82.6,21.58,19.65,18.68,17.76,90.3,81.1,0.0,254.9017,0.9176459,501.4,93028.42000000001,930.4785,929.9581,0.165,1.746,2021,10,5,8,0
"2021-10-05 09:00:00",2152.0,"4720",10.98,32.5,3.48,1.713,181.0,295.28,291.44,72.28,23.23,21.36,18.9,17.8,83.0,72.15,0.0,431.0457,1.551767,684.4,93054.8,930.6711,930.4156,0.292,2.545,2021,10,5,9,0
"2021-10-05 10:00:00",2153.0,"4720",11.12,36.18,3.82,1.488,179.7,297.46999999999997,291.52,66.81,25.28,23.07,19.18,17.66,73.94,66.03,0.0,674.6393,2.428702,950.0,93056.46,930.712,930.3074,0.472,3.166,2021,10,5,10,0
"2021-10-05 11:00:00",2154.0,"4720",11.23,38.91,5.14,1.77,173.3,299.39,291.62,57.76,27.81,25.03,19.11,17.82,68.58,56.78,0.0,804.5308,2.896315,997.0,92998.93,930.3562,929.3793,0.586,3.553,2021,10,5,11,0
"2021-10-05 12:00:00",2155.0,"4720",11.43,41.14,5.09,1.886,183.4,301.17999999999995,291.15999999999997,50.99,29.31,27.14,19.03,17.29,59.1,49.68,0.0,862.6451,3.10552,944.0,92896.63,929.4747,928.3582,0.655,3.68,2021,10,5,12,0
"2021-10-05 13:00:00",2156.0,"4720",11.66,44.73,6.11,2.065,194.2,302.75,290.37,43.3,30.86,28.51,18.11,16.35,51.93,43.04,0.0,872.782,3.142017,939.0,92782.62,928.437,927.368,0.687,3.535,2021,10,5,13,0
"2021-10-05 14:00:00",2157.0,"4720",11.46,47.43,5.49,1.981,177.1,304.2,288.41999999999996,34.37,31.82,30.15,17.38,13.14,44.6,33.46,18.8,785.1434,2.826518,871.0,92695.53,927.4126,926.5778,0.644,3.138,2021,10,5,14,0
"2021-10-05 15:00:00",2158.0,"4720",11.62,47.93,6.7,2.456,179.2,304.60999999999996,286.59,33.07,32.2,31.07,14.3,12.67,34.96,32.02,0.0,610.1566,2.196566,706.1,92629.63,926.5886,926.0084,0.543,2.502,2021,10,5,15,0
"2021-10-05 16:00:00",2159.0,"4720",11.42,47.22,7.31,2.873,186.9,303.91999999999996,286.77,35.67,31.53,30.28,14.54,12.93,36.91,33.0,0.0,382.0124,1.375244,505.5,92607.4,926.2802,925.744,0.391,1.67,2021,10,5,16,0
"2021-10-05 17:00:00",2160.0,"4720",10.9,43.95,7.06,3.093,179.5,302.90999999999997,286.22999999999996,36.71,30.56,28.83,13.82,12.54,37.21,35.02,0.0,150.8305,0.5429897,261.6,92602.48,926.1917,925.8684,0.24,0.76,2021,10,5,17,0
"2021-10-05 18:00:00",2161.0,"4720",10.65,39.33,6.83,2.456,184.6,301.06,286.25,42.69,29.02,26.93,13.56,12.59,42.84,36.7,0.0,12.60808,0.04538916,54.54,92635.92,926.6831,926.0286,0.099,0.066,2021,10,5,18,0
"2021-10-05 19:00:00",2162.0,"4720",10.64,34.29,4.24,1.909,191.5,299.35999999999996,286.53999999999996,47.25,27.11,25.49,13.82,13.13,47.39,42.56,0.0,0.0,0.0,0.0,92702.11,927.4315,926.6008,0.05,0.0,2021,10,5,19,0
"2021-10-05 20:00:00",2163.0,"4720",10.59,31.4,4.61,1.157,201.3,298.04999999999995,286.26,49.01,25.6,24.18,13.66,12.68,49.56,46.53,0.0,0.0,0.0,0.0,92759.11,927.7654,927.369,0.021,0.0,2021,10,5,20,0
"2021-10-05 21:00:00",2164.0,"4720",10.55,29.34,3.47,1.173,202.4,297.44,285.73999999999995,47.77,24.62,24.17,13.06,12.35,49.27,47.11,0.0,0.0,0.0,0.0,92774.95,927.8569,927.6682,0.021,0.0,2021,10,5,21,0
"2021-10-05 22:00:00",2165.0,"4720",10.53,28.39,4.82,1.264,202.3,296.89,285.83,56.5,24.35,23.06,14.13,12.41,56.5,47.77,0.0,0.0,0.0,0.0,92805.96,928.4606,927.7288,0.022,0.0,2021,10,5,22,0
"2021-10-05 23:00:00",2166.0,"4720",10.52,27.26,7.08,2.837,192.0,295.34999999999997,289.41999999999996,77.33,23.22,21.49,17.5,13.97,77.33,56.5,0.0,0.0,0.0,0.0,92826.86,928.4803,927.9351,0.031,0.0,2021,10,5,23,0
"2021-10-06 00:00:00",2167.0,"4720",10.49,26.4,7.86,3.458,191.0,293.94,290.46,82.8,21.62,20.11,17.61,17.09,83.0,77.16,0.0,0.0,0.0,0.0,92771.75,928.0784,927.309,0.019,0.0,2021,10,6,0,0
"2021-10-06 01:00:00",2168.0,"4720",10.47,25.18,7.05,2.976,190.7,292.9,290.2,86.3,20.28,19.26,17.3,16.88,86.3,82.8,0.0,0.0,0.0,0.0,92701.01,927.4211,926.6988,0.009,0.0,2021,10,6,1,0
"2021-10-06 02:00:00",2169.0,"4720",10.45,23.8,5.52,1.97,196.2,292.07,290.02,88.6,19.43,18.73,17.11,16.76,88.9,86.2,0.0,0.0,0.0,0.0,92681.91,926.9244,926.6904,-0.002,0.0,2021,10,6,2,0
"2021-10-06 03:00:00",2170.0,"4720",10.42,23.74,4.69,1.78,198.3,291.89,290.02,90.1,19.04,18.47,17.1,16.75,90.3,88.2,0.0,0.0,0.0,0.0,92675.94,926.8458,926.5629,-0.004,0.0,2021,10,6,3,0
"2021-10-06 04:00:00",2171.0,"4720",10.41,23.64,4.61,2.034,192.6,291.46999999999997,289.92999999999995,91.5,18.65,18.07,17.04,16.68,91.7,90.1,0.0,0.0,0.0,0.0,92688.14,927.0378,926.6284,-0.004,0.0,2021,10,6,4,0
"2021-10-06 05:00:00",2172.0,"4720",10.38,22.91,4.13,1.399,196.6,291.06,289.79999999999995,92.7,18.22,17.81,16.88,16.56,92.9,91.4,0.0,0.0,0.0,0.0,92733.67,927.7988,926.9679,-0.009,0.0,2021,10,6,5,0
"2021-10-06 06:00:00",2173.0,"4720",10.37,22.23,2.41,0.806,216.5,290.94,289.71999999999997,91.8,18.12,17.68,16.83,16.45,92.9,91.8,0.0,14.53595,0.05232939,52.24,92805.33,928.4951,927.7405,-0.002,0.105,2021,10,6,6,0
"2021-10-06 07:00:00",2174.0,"4720",10.42,25.2,3.47,1.09,203.7,291.90999999999997,290.02,85.6,19.54,17.94,17.3,16.59,92.0,85.1,0.0,147.1375,0.5296951,257.9,92876.87,929.187,928.4539,0.081,0.867,2021,10,6,7,0
"2021-10-06 08:00:00",2175.0,"4720",10.62,30.73,2.69,1.236,192.4,293.79999999999995,290.28,74.63,22.26,19.39,17.75,16.84,85.7,74.3,0.0,367.9561,1.324644,480.5,92952.25,929.8354,929.1424,0.229,1.764,2021,10,6,8,0
"2021-10-06 09:00:00",2176.0,"4720",11.05,36.61,2.75,0.869,275.9,296.7,290.35999999999996,61.86,25.5,22.08,17.71,16.74,75.04,60.69,0.0,585.356,2.107279,683.4,92988.48000000001,930.0924,929.78,0.398,2.567,2021,10,6,9,0
"2021-10-06 10:00:00",2177.0,"4720",11.16,38.43,4.68,1.394,128.8,299.33,289.97999999999996,52.74,27.45,25.36,17.78,16.05,62.07,51.11,0.0,755.93,2.721342,883.0,92994.8,930.0818,929.8195,0.551,3.194,2021,10,6,10,0
"2021-10-06 11:00:00",2178.0,"4720",11.31,39.79,4.53,1.57,146.2,300.51,289.95,48.51,28.46,26.68,17.39,16.23,54.78,48.38,0.0,756.7034,2.724134,975.0,92967.22,929.9485,929.2935,0.576,3.583,2021,10,6,11,0
"2021-10-06 12:00:00",2179.0,"4720",11.49,43.29,4.92,1.672,165.0,302.25,289.71999999999997,44.41,30.29,28.19,17.38,16.08,49.49,44.34,0.0,920.9063,3.31526,985.0,92889.97,929.3409,928.3741,0.71,3.706,2021,10,6,12,0
"2021-10-06 13:00:00",2180.0,"4720",11.42,46.05,5.75,2.052,181.5,303.59,289.09999999999997,39.06,31.52,29.57,17.38,15.09,45.58,37.82,16.2,819.118,2.948829,1001.0,92781.45,928.3905,927.2782,0.669,3.557,2021,10,6,13,0
"2021-10-06 14:00:00",2181.0,"4720",11.22,47.49,5.84,2.448,177.0,304.23999999999995,287.83,34.36,31.96,30.28,15.78,13.81,39.71,33.72,0.0,768.0466,2.764976,906.0,92693.24,927.422,926.5171,0.651,3.149,2021,10,6,14,0
"2021-10-06 15:00:00",2182.0,"4720",11.61,48.0,6.32,2.495,185.6,304.7,287.07,32.61,32.28,31.14,15.04,12.95,36.15,31.96,0.0,629.7317,2.267032,736.6,92638.65,926.6792,926.1418,0.555,2.501,2021,10,6,15,0
"2021-10-06 16:00:00",2183.0,"4720",11.43,47.65,6.69,2.525,192.5,304.42999999999995,286.81,34.83,32.36,30.67,14.22,13.11,35.69,32.28,0.0,405.8925,1.461215,520.5,92622.92,926.3243,925.9467,0.393,1.673,2021,10,6,16,0
"2021-10-06 17:00:00",2184.0,"4720",10.95,45.67,6.61,2.976,188.0,303.13,286.90999999999997,39.51,30.99,29.1,14.14,13.38,39.55,34.69,0.0,170.7151,0.6145746,295.6,92627.07,926.4982,925.9429,0.238,0.76,2021,10,6,17,0
"2021-10-06 18:00:00",2185.0,"4720",10.63,40.26,6.81,2.91,193.1,300.81,287.96999999999997,49.54,29.29,26.47,15.32,13.9,49.71,39.38,0.0,"NAN","NAN","NAN",92669.64,927.0137,926.392,0.097,0.066,2021,10,6,18,0
"2021-10-06 19:00:00",2186.0,"4720",10.61,34.25,5.64,2.017,195.4,298.94,288.34,54.75,26.65,24.96,15.51,15.06,54.9,49.54,0.0,0.0,0.0,0.0,92734.19,927.7083,926.9531,0.043,0.0,2021,10,6,19,0
"2021-10-06 20:00:00",2187.0,"4720",10.57,31.33,5.78,2.16,193.8,297.76,288.16999999999996,56.7,25.15,24.04,15.38,14.87,56.77,54.03,0.0,0.0,0.0,0.0,92794.76,928.2251,927.624,0.04,0.0,2021,10,6,20,0
"2021-10-06 21:00:00",2188.0,"4720",10.54,29.55,5.05,1.434,199.8,296.77,287.97999999999996,57.55,24.23,23.39,15.17,14.64,58.94,56.51,0.0,0.0,0.0,0.0,92841.90999999999,928.7524,928.0957,0.019,0.0,2021,10,6,21,0
"2021-10-06 22:00:00",2189.0,"4720",10.51,28.13,8.86,4.175,188.2,295.57,289.92999999999995,79.18,23.71,21.36,17.81,14.64,79.23,57.41,0.0,0.0,0.0,0.0,92896.03,929.2352,928.5229,0.041,0.0,2021,10,6,22,0
"2021-10-06 23:00:00",2190.0,"4720",10.48,26.65,7.76,3.731,190.3,293.94,290.79999999999995,84.0,21.53,20.37,17.87,17.56,84.2,79.18,0.0,0.0,0.0,0.0,92927.95999999999,929.4514,928.8934,0.017,0.0,2021,10,6,23,0
"2021-10-07 00:00:00",2191.0,"4720",10.46,25.46,8.47,3.471,193.8,293.12,290.37,84.7,20.55,19.45,17.78,16.8,84.8,83.5,0.0,0.0,0.0,0.0,92896.99,929.1986,928.5466,0.011,0.0,2021,10,7,0,0
"2021-10-07 01:00:00",2192.0,"4720",10.43,24.37,6.12,2.392,196.3,292.15999999999997,289.76,86.1,19.64,18.6,17.01,16.24,86.7,84.6,0.0,0.0,0.0,0.0,92861.84,928.7626,928.4113,0.002,0.0,2021,10,7,1,0
"2021-10-07 02:00:00",2193.0,"4720",10.41,23.34,5.93,1.611,207.0,291.41999999999996,289.12,86.7,18.78,18.01,16.44,15.75,86.9,86.0,0.0,0.0,0.0,0.0,92822.56,928.5518,927.9462,-0.005,0.0,2021,10,7,2,0
"2021-10-07 03:00:00",2194.0,"4720",10.39,22.13,4.9,1.394,204.7,291.02,288.88,88.0,18.17,17.68,15.98,15.62,88.1,86.7,0.0,0.0,0.0,0.0,92795.45000000001,928.08,927.7789,-0.007,0.0,2021,10,7,3,0
"2021-10-07 04:00:00",2195.0,"4720",10.35,21.5,4.56,1.506,198.8,290.71999999999997,288.71999999999997,87.9,17.85,17.42,15.88,15.43,88.5,87.4,0.0,0.0,0.0,0.0,92796.41,928.2314,927.8011,-0.007,0.0,2021,10,7,4,0
"2021-10-07 05:00:00",2196.0,"4720",10.34,21.45,4.88,1.378,202.9,290.38,288.64,91.1,17.73,16.96,15.73,15.32,91.3,87.6,0.0,0.0,0.0,0.0,92836.5,928.694,928.1279,-0.009,0.0,2021,10,7,5,0
"2021-10-07 06:00:00",2197.0,"4720",10.34,21.74,5.13,1.513,206.9,290.5,288.53999999999996,82.2,18.26,16.96,15.78,14.95,91.3,82.1,0.0,30.93402,0.1113626,103.8,92899.85,929.3179,928.605,-0.018,0.11,2021,10,7,6,0
"2021-10-07 07:00:00",2198.0,"4720",10.4,26.12,6.55,2.203,191.3,292.21999999999997,288.44,77.75,19.93,18.08,15.88,14.97,82.4,75.79,0.0,208.8281,0.751782,339.9,92980.79000000001,930.437,929.2603,0.121,0.884,2021,10,7,7,0
"2021-10-07 08:00:00",2199.0,"4720",10.52,29.72,6.65,2.435,190.9,293.29999999999995,289.12,72.47,21.34,19.26,16.4,15.62,80.8,71.69,0.0,409.9579,1.475849,638.3,93087.61,931.172,930.3451,0.254,1.783,2021,10,7,8,0
"2021-10-07 09:00:00",2200.0,"4720",10.94,33.37,5.46,2.098,182.2,295.32,288.84999999999997,60.41,23.87,21.1,16.34,15.13,72.47,60.29,0.0,609.4432,2.193998,909.0,93119.98999999999,931.2949,931.0232,0.407,2.592,2021,10,7,9,0
"2021-10-07 10:00:00",2201.0,"4720",11.0,36.02,6.78,2.625,178.4,298.09,288.41999999999996,50.39,26.13,23.72,15.88,14.61,60.22,49.6,0.2,812.4469,2.924814,1085.0,93119.78,931.3169,930.9689,0.586,3.221,2021,10,7,10,0
"2021-10-07 11:00:00",2202.0,"4720",11.09,38.33,7.93,3.172,177.5,300.17999999999995,287.46,40.94,28.44,25.89,15.42,12.85,50.94,39.31,0.0,903.3694,3.252123,1131.0,93075.81,931.1385,930.1735,0.696,3.622,2021,10,7,11,0
"2021-10-07 12:00:00",2203.0,"4720",11.47,39.57,8.42,4.033,175.2,301.39,286.56,39.31,29.0,27.53,14.17,12.77,41.88,37.75,0.0,989.7726,3.56318,1097.0,93012.04000000001,930.5281,929.567,0.792,3.754,2021,10,7,12,0
"2021-10-07 13:00:00",2204.0,"4720",11.87,42.59,9.39,4.101,182.7,302.06,286.04999999999995,34.82,29.67,28.12,13.74,11.74,40.22,34.62,0.0,956.0165,3.44166,1010.0,92922.74,929.7933,928.4784,0.789,3.6,2021,10,7,13,0
"2021-10-07 14:00:00",2205.0,"4720",11.74,43.63,10.42,4.618,183.3,302.06,285.10999999999996,35.86,29.44,28.51,12.72,11.13,36.83,33.06,0.0,830.4901,2.989766,916.0,92832.48,928.8062,927.7819,0.726,3.184,2021,10,7,14,0
"2021-10-07 15:00:00",2206.0,"4720",11.61,43.89,9.74,4.573,179.8,301.95,285.32,35.21,29.77,28.25,12.64,11.76,36.97,34.29,0.0,622.7499,2.241899,745.4,92761.15999999999,928.0183,927.1663,0.591,2.521,2021,10,7,15,0
"2021-10-07 16:00:00",2207.0,"4720",11.36,42.85,8.74,4.489,173.2,301.42999999999995,285.03999999999996,37.09,28.96,27.66,12.6,10.76,37.35,33.77,0.0,390.159,1.404574,519.6,92720.34,927.4419,926.8945,0.435,1.688,2021,10,7,16,0
"2021-10-07 17:00:00",2208.0,"4720",10.88,41.07,8.67,4.068,172.7,300.37,285.03999999999996,40.74,28.21,26.41,12.29,11.58,40.86,36.57,0.0,155.6558,0.5603609,257.2,92720.31,927.4572,926.91,0.263,0.768,2021,10,7,17,0
"2021-10-07 18:00:00",2209.0,"4720",10.64,36.77,6.62,2.85,179.9,298.82,285.40999999999997,46.6,26.58,24.96,12.99,11.84,46.78,40.74,0.0,"NAN","NAN","NAN",92764.52,927.8482,927.2689,0.1,0.067,2021,10,7,18,0
"2021-10-07 19:00:00",2210.0,"4720",10.61,31.93,4.9,2.254,190.2,297.57,286.21999999999997,51.75,25.14,23.65,13.45,12.76,51.9,46.6,0.0,0.0,0.0,0.0,92797.66,928.1664,927.7845,0.05,0.0,2021,10,7,19,0
"2021-10-07 20:00:00",2211.0,"4720",10.58,29.64,4.7,2.285,189.4,296.35999999999996,286.12,54.48,23.83,22.6,13.33,12.85,54.66,51.09,0.0,0.0,0.0,0.0,92833.3,928.6268,928.0947,0.045,0.0,2021,10,7,20,0
"2021-10-07 21:00:00",2212.0,"4720",10.55,27.87,6.95,3.206,188.6,295.58,286.41999999999996,58.97,22.85,21.95,13.73,13.01,59.12,54.48,0.0,0.0,0.0,0.0,92871.67,929.1234,928.4076,0.054,0.0,2021,10,7,21,0
"2021-10-07 22:00:00",2213.0,"4720",10.52,26.94,9.8,3.664,188.5,294.25,287.7,71.55,22.11,20.31,15.18,13.56,71.66,58.97,0.0,0.0,0.0,0.0,92919.81,929.4446,928.921,0.042,0.0,2021,10,7,22,0
"2021-10-07 23:00:00",2214.0,"4720",10.5,25.53,7.77,2.736,192.8,292.87,288.2,76.44,20.48,19.19,15.29,14.94,76.66,71.48,0.0,0.0,0.0,0.0,92913.01,929.4522,928.6912,0.02,0.0,2021,10,7,23,0
"2021-10-08 00:00:00",2215.0,"4720",10.49,24.19,4.28,1.363,208.6,291.84,287.85999999999996,78.58,19.36,18.21,15.14,14.43,78.82,76.37,0.0,0.0,0.0,0.0,92844.06999999999,928.8132,927.9304,0.0,0.0,2021,10,8,0,0
"2021-10-08 01:00:00",2216.0,"4720",10.46,22.48,4.9,1.685,199.4,291.01,287.67999999999995,83.3,18.38,17.42,14.77,14.41,83.5,78.58,0.0,0.0,0.0,0.0,92769.84,928.0164,927.3911,0.001,0.0,2021,10,8,1,0
"2021-10-08 02:00:00",2217.0,"4720",10.44,21.79,5.35,1.64,197.9,290.21,287.53999999999996,85.1,17.54,16.7,14.75,14.13,85.3,83.2,0.0,0.0,0.0,0.0,92712.68,927.4786,926.8707,-0.002,0.0,2021,10,8,2,0
"2021-10-08 03:00:00",2218.0,"4720",10.42,21.1,3.44,1.367,196.4,289.48999999999995,287.45,89.6,16.87,16.04,14.54,14.2,89.8,85.1,0.0,0.0,0.0,0.0,92695.32,927.082,926.8147,-0.007,0.0,2021,10,8,3,0
"2021-10-08 04:00:00",2219.0,"4720",10.38,19.92,4.61,1.198,205.7,289.03,287.5,91.3,16.22,15.71,14.56,14.22,91.5,89.6,0.0,0.0,0.0,0.0,92685.40000000001,927.0167,926.7719,-0.01,0.0,2021,10,8,4,0
"2021-10-08 05:00:00",2220.0,"4720",10.37,19.72,3.13,0.983,196.7,288.81,287.15,88.3,15.89,15.38,14.48,13.48,91.5,88.3,0.0,0.0,0.0,0.0,92695.20999999999,927.2073,926.7897,-0.012,0.0,2021,10,8,5,0
"2021-10-08 06:00:00",2221.0,"4720",10.33,19.8,2.95,0.794,203.2,288.89,286.59999999999997,85.5,16.68,15.38,14.2,13.13,88.6,84.3,0.0,29.61965,0.1066305,100.4,92750.22,927.9351,927.1649,-0.021,0.115,2021,10,8,6,0
"2021-10-08 07:00:00",2222.0,"4720",10.39,22.55,4.15,1.609,197.3,289.53,287.52,85.2,17.51,16.11,15.03,13.94,89.7,84.8,0.0,122.0436,0.4393575,457.8,92842.40999999999,928.8713,927.9034,0.071,0.898,2021,10,8,7,0
"2021-10-08 08:00:00",2223.0,"4720",10.79,29.48,6.69,2.22,193.4,292.27,287.53,64.7,20.88,17.42,15.18,13.74,85.2,64.58,0.0,489.5405,1.762347,616.5,92917.73,929.4368,928.854,0.288,1.806,2021,10,8,8,0
"2021-10-08 09:00:00",2224.0,"4720",11.09,32.83,6.79,3.372,182.4,294.88,286.84999999999997,56.37,22.88,20.64,14.33,13.16,64.88,55.33,0.0,733.1672,2.639406,834.0,92962.15,929.857,929.2216,0.483,2.621,2021,10,8,9,0
"2021-10-08 10:00:00",2225.0,"4720",11.41,34.61,7.57,3.391,177.0,297.04999999999995,286.03999999999996,46.6,25.14,22.48,13.9,11.84,57.29,45.23,0.0,902.9155,3.250494,974.0,92960.82,929.7942,929.2996,0.636,3.257,2021,10,8,10,0
"2021-10-08 11:00:00",2226.0,"4720",11.88,37.33,7.2,3.272,179.5,299.0,285.31,41.33,26.79,24.77,13.03,11.1,47.18,38.33,0.0,1016.097,3.657946,1046.0,92897.86,929.451,928.3909,0.753,3.656,2021,10,8,11,0
"2021-10-08 12:00:00",2227.0,"4720",11.96,39.34,8.28,3.24,179.2,299.84999999999997,285.35999999999996,39.44,27.6,25.89,12.94,11.45,42.95,37.87,0.0,1038.864,3.739911,1059.0,92807.5,928.684,927.5624,0.784,3.775,2021,10,8,12,0
"2021-10-08 13:00:00",2228.0,"4720",11.84,43.37,6.76,2.821,186.6,300.81,284.78999999999996,34.62,28.77,26.68,12.87,10.18,39.9,34.03,0.0,989.2221,3.561202,1040.0,92709.29,927.6809,926.4399,0.765,3.621,2021,10,8,13,0
"2021-10-08 14:00:00",2229.0,"4720",11.72,45.84,8.41,2.667,180.8,301.66999999999996,284.78,35.31,29.35,27.79,12.65,10.7,37.92,32.86,0.0,854.4854,3.076147,931.0,92606.59000000001,926.5632,925.6145,0.684,3.192,2021,10,8,14,0
"2021-10-08 15:00:00",2230.0,"4720",11.61,46.19,6.59,2.481,195.5,301.81,284.79999999999995,33.91,29.52,28.19,12.41,11.11,36.31,33.64,0.0,662.5909,2.385324,779.4,92545.06,925.8013,925.1542,0.547,2.529,2021,10,8,15,0
"2021-10-08 16:00:00",2231.0,"4720",11.43,46.14,5.75,2.382,183.0,301.54999999999995,284.16999999999996,33.77,28.99,27.86,11.65,10.56,34.9,33.19,0.0,427.463,1.538866,552.3,92514.97,925.3455,925.0033,0.378,1.696,2021,10,8,16,0
"2021-10-08 17:00:00",2232.0,"4720",11.04,43.89,5.41,2.214,187.9,300.63,283.52,34.68,28.29,26.68,11.18,9.73,35.67,33.44,0.0,180.4678,0.6496859,300.5,92518.62999999999,925.3306,925.0413,0.197,0.776,2021,10,8,17,0
"2021-10-08 18:00:00",2233.0,"4720",10.63,39.32,4.14,1.501,194.8,298.62,283.07,41.77,26.86,23.85,10.44,9.37,41.94,34.68,0.0,17.23491,0.06204559,72.35,92533.56999999999,925.4377,925.1808,0.028,0.068,2021,10,8,18,0
"2021-10-08 19:00:00",2234.0,"4720",10.61,32.28,4.64,1.281,196.3,296.91999999999996,283.12,42.34,24.24,23.45,10.35,9.72,42.86,40.6,0.0,0.0,0.0,0.0,92547.24,925.8568,925.311,0.024,0.0,2021,10,8,19,0
"2021-10-08 20:00:00",2235.0,"4720",10.59,29.25,3.86,1.445,200.5,296.13,283.88,49.33,23.85,22.34,11.49,10.07,49.57,42.29,0.0,0.0,0.0,0.0,92611.42,926.3134,925.7998,0.026,0.0,2021,10,8,20,0
"2021-10-08 21:00:00",2236.0,"4720",10.56,27.26,4.71,1.297,202.2,295.10999999999996,284.57,52.97,22.58,21.48,11.69,11.27,53.08,49.32,0.0,0.0,0.0,0.0,92653.54999999999,926.7834,926.1322,0.017,0.0,2021,10,8,21,0
"2021-10-08 22:00:00",2237.0,"4720",10.52,25.83,3.36,1.069,206.2,294.31,284.60999999999996,53.69,21.6,21.02,11.68,11.34,54.38,52.97,0.0,0.0,0.0,0.0,92675.97,926.8668,926.7058,0.008,0.0,2021,10,8,22,0
"2021-10-08 23:00:00",2238.0,"4720",10.5,24.92,3.66,0.888,239.5,293.95,284.45,55.18,21.34,20.37,11.6,11.1,55.41,53.42,0.0,0.0,0.0,0.0,92668.46,926.8787,926.4993,0.001,0.0,2021,10,8,23,0
"2021-10-09 00:00:00",2239.0,"4720",10.49,23.99,1.96,0.463,228.5,292.90999999999997,283.9,57.2,20.55,19.06,11.3,10.4,57.44,54.79,0.0,0.0,0.0,0.0,92609.14,926.5306,925.6995,-0.014,0.0,2021,10,9,0,0
"2021-10-09 01:00:00",2240.0,"4720",10.46,22.37,2.11,0.785,229.9,291.96,283.72999999999996,60.85,19.43,18.07,10.87,10.37,61.02,57.2,0.0,0.0,0.0,0.0,92543.55,925.7302,925.1797,-0.004,0.0,2021,10,9,1,0
"2021-10-09 02:00:00",2241.0,"4720",10.44,21.66,2.13,0.609,245.3,290.4,283.63,68.4,18.2,16.04,10.83,10.27,69.13,60.72,0.0,0.0,0.0,0.0,92502.58,925.2128,924.7687,-0.011,0.0,2021,10,9,2,0
"2021-10-09 03:00:00",2242.0,"4720",10.42,20.68,3.38,1.466,285.9,290.34999999999997,283.84,64.63,17.63,16.43,10.96,10.52,68.41,64.1,0.0,0.0,0.0,0.0,92457.56,924.822,924.444,0.007,0.0,2021,10,9,3,0
"2021-10-09 04:00:00",2243.0,"4720",10.39,20.69,2.49,1.086,310.1,290.41999999999996,283.65999999999997,63.71,17.58,16.83,10.85,10.27,66.31,63.64,0.0,0.0,0.0,0.0,92445.98,924.6237,924.3502,0.0,0.0,2021,10,9,4,0
"2021-10-09 05:00:00",2244.0,"4720",10.37,20.11,1.64,0.674,350.0,289.04999999999995,283.06,70.29,17.39,14.93,10.56,9.48,70.54,63.71,0.0,0.0,0.0,0.0,92485.89,925.2456,924.6006,-0.011,0.0,2021,10,9,5,0
"2021-10-09 06:00:00",2245.0,"4720",10.35,19.68,2.43,0.819,349.5,288.71999999999997,282.83,64.63,17.1,14.79,10.49,9.17,70.41,64.56,0.0,27.29171,0.09825014,92.1,92566.62,926.0884,925.2109,-0.008,0.12,2021,10,9,6,0
"2021-10-09 07:00:00",2246.0,"4720",10.39,25.89,3.73,1.2,4.694,292.09,284.02,56.17,20.41,16.96,11.52,10.24,64.69,56.17,0.0,197.5245,0.7110878,313.0,92651.75,926.7883,926.0662,0.123,0.922,2021,10,9,7,0
"2021-10-09 08:00:00",2247.0,"4720",10.55,31.35,4.6,1.699,31.36,294.96999999999997,284.48999999999995,46.53,23.46,20.18,11.79,10.97,56.74,46.2,0.0,430.064,1.548235,548.6,92709.05,927.3711,926.7274,0.3,1.838,2021,10,9,8,0
"2021-10-09 09:00:00",2248.0,"4720",11.04,36.12,5.07,1.965,38.65,298.28,283.96999999999997,36.31,26.76,23.33,11.75,10.0,46.66,36.17,0.0,653.663,2.353187,746.8,92730.84999999999,927.4155,927.021,0.49,2.658,2021,10,9,9,0
"2021-10-09 10:00:00",2249.0,"4720",11.22,39.3,4.96,1.804,50.73,301.28,283.26,30.52,29.4,26.6,10.8,9.57,36.57,29.67,0.0,807.3774,2.906561,885.0,92685.58,927.1172,926.6637,0.631,3.297,2021,10,9,10,0
"2021-10-09 11:00:00",2250.0,"4720",11.78,41.3,5.38,1.841,54.79,302.84,283.19,28.97,30.75,28.71,10.67,9.57,31.28,27.65,0.0,912.3871,3.284588,961.0,92630.8,926.7175,925.7828,0.729,3.689,2021,10,9,11,0
"2021-10-09 12:00:00",2251.0,"4720",11.83,43.94,5.54,1.669,69.21,304.52,282.78,24.33,32.37,30.28,10.84,8.53,29.3,23.55,0.0,952.4066,3.428666,980.0,92547.11,925.8156,925.0992,0.771,3.812,2021,10,9,12,0
"2021-10-09 13:00:00",2252.0,"4720",11.74,47.54,5.55,1.796,94.7,305.42999999999995,281.38,21.08,33.47,31.46,9.24,7.193,24.41,21.08,0.0,903.273,3.251786,949.0,92466.86,925.1707,924.1984,0.751,3.665,2021,10,9,13,0
"2021-10-09 14:00:00",2253.0,"4720",11.66,50.25,5.23,1.659,109.0,306.65,280.55699999999996,19.97,34.35,32.78,8.83,6.607,21.48,18.73,0.0,779.8029,2.807289,852.0,92392.45,924.2986,923.6476,0.663,3.24,2021,10,9,14,0
"2021-10-09 15:00:00",2254.0,"4720",11.47,50.65,4.82,1.822,155.0,306.57,280.832,21.42,34.13,32.78,8.58,6.978,21.9,19.12,0.0,591.273,2.128576,695.1,92341.35,923.6979,923.1657,0.531,2.567,2021,10,9,15,0
"2021-10-09 16:00:00",2255.0,"4720",11.31,49.85,6.69,1.215,126.6,306.59999999999997,281.81,22.37,34.04,32.97,9.34,7.883,22.67,20.95,0.0,366.6287,1.319861,488.7,92319.15000000001,923.2677,922.9322,0.322,1.714,2021,10,9,16,0
"2021-10-09 17:00:00",2256.0,"4720",10.77,48.32,3.54,0.931,86.5,305.77,281.96,23.94,33.61,31.65,9.34,8.23,24.25,21.27,0.0,143.9216,0.518118,254.1,92329.04,923.4781,923.1395,0.136,0.783,2021,10,9,17,0
"2021-10-09 18:00:00",2257.0,"4720",10.66,43.14,2.4,0.67,54.07,303.21999999999997,281.03999999999996,27.24,31.8,28.17,8.88,7.389,27.32,23.8,0.0,12.70175,0.04572624,53.49,92370.42,923.9509,923.441,0.008,0.068,2021,10,9,18,0
"2021-10-09 19:00:00",2258.0,"4720",10.62,36.07,0.91,0.388,338.4,299.96999999999997,280.606,30.39,28.33,25.94,7.891,7.174,30.69,27.25,0.0,0.0,0.0,0.0,92415.92000000001,924.4336,923.8873,-0.007,0.0,2021,10,9,19,0
"2021-10-09 20:00:00",2259.0,"4720",10.58,31.59,0.97,0.414,321.6,298.78,280.07899999999995,30.95,26.12,25.35,7.45,6.649,31.42,29.78,0.0,0.0,0.0,0.0,92475.40000000001,925.1704,924.4009,-0.006,0.0,2021,10,9,20,0
"2021-10-09 21:00:00",2260.0,"4720",10.55,29.45,2.5,0.6,303.9,297.25,280.86199999999997,36.03,25.6,23.25,8.37,6.66,38.08,30.23,0.0,0.0,0.0,0.0,92562.40000000001,926.0092,925.1355,0.004,0.0,2021,10,9,21,0
"2021-10-09 22:00:00",2261.0,"4720",10.52,27.34,1.53,0.919,337.2,296.48999999999995,280.681,37.66,23.87,22.73,8.14,7.216,38.76,34.79,0.0,0.0,0.0,0.0,92585.55,925.9842,925.7097,0.018,0.0,2021,10,9,22,0
"2021-10-09 23:00:00",2262.0,"4720",10.49,26.35,2.0,0.757,335.3,295.95,280.35499999999996,34.0,23.56,22.08,8.08,6.538,39.89,33.81,0.0,0.0,0.0,0.0,92554.57,925.7343,925.3798,0.01,0.0,2021,10,9,23,0
"2021-10-10 00:00:00",2263.0,"4720",10.48,26.18,3.36,1.17,0.389,296.67999999999995,278.947,30.56,23.96,23.19,6.858,4.914,34.06,29.7,0.0,0.0,0.0,0.0,92509.49,925.4199,924.6147,0.032,0.0,2021,10,10,0,0
"2021-10-10 01:00:00",2264.0,"4720",10.45,26.77,3.63,1.277,14.24,296.28,278.17999999999995,30.94,23.5,22.93,5.361,4.882,31.38,30.49,0.0,0.0,0.0,0.0,92426.98000000001,924.6453,924.0146,0.037,0.0,2021,10,10,1,0
"2021-10-10 02:00:00",2265.0,"4720",10.44,26.28,4.72,1.449,24.27,296.15999999999997,278.147,33.61,23.49,22.47,5.89,4.602,33.76,29.77,0.0,0.0,0.0,0.0,92407.92,924.2045,923.972,0.043,0.0,2021,10,10,2,0
"2021-10-10 03:00:00",2266.0,"4720",10.42,25.96,2.66,0.88,13.59,294.66999999999996,280.007,42.8,22.65,20.7,7.806,5.679,42.91,33.61,0.0,0.0,0.0,0.0,92415.55,924.238,924.0528,0.014,0.0,2021,10,10,3,0
"2021-10-10 04:00:00",2267.0,"4720",10.39,24.34,3.7,1.039,8.42,293.54999999999995,282.22999999999996,56.29,20.88,20.04,11.5,7.555,56.41,42.6,0.0,0.0,0.0,0.0,92426.65,924.4822,924.0839,0.015,0.0,2021,10,10,4,0
"2021-10-10 05:00:00",2268.0,"4720",10.36,23.5,2.51,0.93,326.4,293.21,285.01,61.51,20.55,19.71,12.48,11.28,61.81,56.16,0.0,0.0,0.0,0.0,92484.46,925.236,924.459,0.006,0.0,2021,10,10,5,0
"2021-10-10 06:00:00",2269.0,"4720",10.35,23.57,3.06,1.108,2.355,293.09999999999997,285.75,61.9,20.75,19.71,13.21,12.22,63.5,61.24,0.0,"NAN","NAN","NAN",92549.76000000001,925.8174,925.1925,0.008,0.125,2021,10,10,6,0
"2021-10-10 07:00:00",2270.0,"4720",10.4,29.12,4.43,1.596,19.42,295.13,286.81,56.24,23.44,20.57,14.32,13.0,62.09,56.05,0.0,206.2503,0.7425017,326.8,92619.76,926.688,925.7789,0.146,0.922,2021,10,10,7,0
"2021-10-10 08:00:00",2271.0,"4720",10.51,34.44,4.97,1.959,36.29,297.96,287.37,46.87,26.59,23.26,14.64,13.97,56.49,46.87,0.0,446.7298,1.608228,568.5,92692.90999999999,927.1824,926.6496,0.334,1.828,2021,10,10,8,0
"2021-10-10 09:00:00",2272.0,"4720",11.03,39.49,4.77,1.816,60.18,301.34999999999997,287.0,37.76,29.94,26.47,14.43,13.06,46.87,37.55,0.0,671.4053,2.417062,772.3,92706.04,927.1771,926.9006,0.523,2.639,2021,10,10,9,0
"2021-10-10 10:00:00",2273.0,"4720",11.19,41.3,5.74,2.124,53.84,303.5,286.65,34.43,31.51,29.56,14.11,12.97,37.72,33.39,0.0,846.2282,3.046421,919.0,92683.63,927.0295,926.7335,0.686,3.268,2021,10,10,10,0
"2021-10-10 11:00:00",2274.0,"4720",11.69,43.47,6.11,1.991,81.0,305.13,286.71999999999997,31.05,32.66,31.26,14.3,12.67,35.15,30.85,0.0,958.6788,3.451247,1003.0,92656.29000000001,926.8438,926.2721,0.785,3.654,2021,10,10,11,0
"2021-10-10 12:00:00",2275.0,"4720",11.86,45.36,6.31,1.945,78.39,305.94,285.7,28.26,33.75,32.12,13.53,11.41,31.23,26.42,0.8,965.5211,3.47588,1009.0,92602.19,926.3966,925.5016,0.804,3.783,2021,10,10,12,0
"2021-10-10 13:00:00",2276.0,"4720",11.4,49.54,5.76,1.801,110.3,307.21,285.10999999999996,24.55,34.95,33.37,13.19,10.59,28.51,23.95,1.0,887.6542,3.195552,952.0,92522.82,925.6595,924.748,0.756,3.627,2021,10,10,13,0
"2021-10-10 14:00:00",2277.0,"4720",11.37,51.18,4.7,1.658,122.6,307.83,284.84999999999997,24.21,35.78,34.02,12.69,10.34,26.37,23.23,0.0,718.5771,2.586873,817.0,92462.40000000001,924.9393,924.3743,0.631,3.199,2021,10,10,14,0
"2021-10-10 15:00:00",2278.0,"4720",11.12,51.35,5.83,1.669,141.8,307.65,284.34999999999997,24.66,35.31,33.69,12.13,10.48,25.3,23.36,0.0,446.0901,1.605928,650.8,92434.09,924.5067,924.1091,0.437,2.54,2021,10,10,15,0
"2021-10-10 16:00:00",2279.0,"4720",10.76,48.32,4.52,1.217,186.7,307.16999999999996,284.09999999999997,23.42,34.47,33.68,11.46,9.97,25.32,23.42,0.0,199.158,0.7169676,451.0,92433.28,924.536,924.2548,0.235,1.703,2021,10,10,16,0
"2021-10-10 17:00:00",2280.0,"4720",10.68,44.72,8.99,4.244,188.9,305.34,283.84999999999997,29.28,33.81,31.13,11.36,9.98,29.42,23.42,0.0,91.13594,0.3280889,155.1,92484.70999999999,925.3826,924.3371,0.327,0.78,2021,10,10,17,0
"2021-10-10 18:00:00",2281.0,"4720",10.62,39.37,14.7,4.383,190.6,303.03,286.7,56.45,31.27,27.65,18.42,10.73,56.45,29.28,0.0,9.004233,0.03241532,36.64,92581.31,926.5701,925.1939,0.223,0.069,2021,10,10,18,0
"2021-10-10 19:00:00",2282.0,"4720",10.6,35.36,13.59,6.05,191.9,299.29999999999995,290.76,60.68,27.77,24.96,18.47,16.86,60.99,56.39,0.0,0.0,0.0,0.0,92742.14,928.4089,926.1545,0.099,0.0,2021,10,10,19,0
"2021-10-10 20:00:00",2283.0,"4720",10.56,31.51,13.45,6.702,189.9,297.42999999999995,289.91999999999996,66.41,25.09,23.45,17.11,16.52,66.56,59.9,0.0,0.0,0.0,0.0,92891.74,929.7325,928.0454,0.088,0.0,2021,10,10,20,0
"2021-10-10 21:00:00",2284.0,"4720",10.54,29.64,15.78,7.26,184.7,295.73999999999995,289.37,67.91,23.63,21.69,17.09,15.48,68.6,66.15,0.0,0.0,0.0,0.0,93010.99,930.9241,928.9255,0.074,0.0,2021,10,10,21,0
"2021-10-10 22:00:00",2285.0,"4720",10.52,27.79,14.43,7.427,187.1,294.34999999999997,288.54999999999995,72.74,21.86,20.63,15.81,15.06,72.86,67.77,0.0,0.0,0.0,0.0,93080.98999999999,931.1512,929.9878,0.065,0.0,2021,10,10,22,0
"2021-10-10 23:00:00",2286.0,"4720",10.49,26.25,11.63,6.047,188.2,293.35999999999996,288.52,73.44,20.81,19.85,15.86,14.98,74.76,72.72,0.0,0.0,0.0,0.0,93111.47,931.3752,930.6202,0.049,0.0,2021,10,10,23,0
"2021-10-11 00:00:00",2287.0,"4720",10.48,24.93,10.37,5.186,187.6,292.66999999999996,288.41999999999996,79.04,20.02,19.13,15.67,14.97,79.21,73.44,0.0,0.0,0.0,0.0,93092.11,931.3079,930.3878,0.04,0.0,2021,10,11,0,0
"2021-10-11 01:00:00",2288.0,"4720",10.44,23.94,8.57,3.933,192.2,292.06,288.9,83.5,19.31,18.73,16.2,15.42,83.9,79.04,0.0,0.0,0.0,0.0,93038.12000000001,930.7057,929.9293,0.025,0.0,2021,10,11,1,0
"2021-10-11 02:00:00",2289.0,"4720",10.42,24.12,8.05,3.436,195.3,292.12,289.22999999999996,83.4,19.22,18.86,16.36,15.99,83.8,82.9,0.0,0.0,0.0,0.0,93002.82999999999,930.1927,929.7321,0.021,0.0,2021,10,11,2,0
"2021-10-11 03:00:00",2290.0,"4720",10.4,24.2,9.27,4.355,190.4,292.07,289.59,88.7,19.23,18.6,16.88,16.13,88.8,83.3,0.0,0.0,0.0,0.0,93014.31,930.3939,929.7261,0.021,0.0,2021,10,11,3,0
"2021-10-11 04:00:00",2291.0,"4720",10.37,24.04,8.95,3.957,191.8,291.60999999999996,289.9,90.1,18.78,18.4,16.98,16.65,90.5,88.7,0.0,0.0,0.0,0.0,93042.17,930.5756,930.108,0.013,0.0,2021,10,11,4,0
"2021-10-11 05:00:00",2292.0,"4720",10.36,23.7,7.95,3.493,193.4,291.38,289.83,89.8,18.58,18.14,16.98,16.52,91.1,89.8,0.0,0.0,0.0,0.0,93074.64,931.0458,930.2714,0.01,0.0,2021,10,11,5,0
"2021-10-11 06:00:00",2293.0,"4720",10.35,23.53,7.5,3.648,191.7,291.46,289.73999999999995,89.1,18.53,18.27,16.82,16.52,90.0,89.1,0.0,"NAN","NAN","NAN",93106.4,931.2094,930.7473,0.026,0.129,2021,10,11,6,0
"2021-10-11 07:00:00",2294.0,"4720",10.38,24.67,8.08,3.791,189.3,291.90999999999997,289.59,84.6,19.24,18.34,16.74,16.22,89.2,84.3,0.0,80.85206,0.2910673,199.5,93151.54,931.9722,930.979,0.075,0.921,2021,10,11,7,0
"2021-10-11 08:00:00",2295.0,"4720",10.46,26.3,9.53,3.916,188.6,292.63,289.62,77.22,20.54,18.93,16.85,16.25,85.4,77.22,0.0,160.2468,0.5768891,596.8,93250.45999999999,932.7891,931.7977,0.131,1.821,2021,10,11,8,0
"2021-10-11 09:00:00",2296.0,"4720",11.03,30.43,10.08,4.431,188.2,294.69,289.42999999999995,67.31,22.92,20.31,16.89,15.94,77.76,66.93,0.0,502.3007,1.808283,947.0,93293.61,933.2144,932.4834,0.342,2.624,2021,10,11,9,0
